1000 2
-0.02413000569806264 -3.9999272171909594
-0.461114417845188 -3.9733327942239236
-2.9216783065084613 2.7319948523520043
-3.4070949615666524 2.0956392635344305
0.12962979452649065 3.9978989627516874
-2.340383697729535 -3.243856369724441
-2.083466743391185 3.4145521418163947
-1.3584096537041346 -3.7622763339132086
1.889120636274849 -3.5257939845658184
-3.823051961500224 -1.1765516136869179
3.908529660942269 -0.8505268305788539
-3.7866711064873257 1.288845192912652
3.734637704707884 1.4326483220156399
-1.1386286457997323 -3.8345175455282856
3.2958671504904244 2.2665523877285803
-2.687752667326531 -2.9624290032470175
-3.345204754759331 2.1930811997588155
3.7927227549269853 -1.2709264747651852
-2.8643299488779275 -2.7920626683441347
0.18228790454854862 3.9958442311801017
3.398182737191829 2.110060208774017
3.206434718840352 2.3913963272145407
-1.0974736652807386 -3.8464986096468645
-3.3048686683981314 2.2534069948947
-2.4708636663194596 -3.14560530621093
-3.859014398535299 -1.052619528555899
1.9714128132885285 -3.4804499018951285
-2.4962351227072497 -3.1255095923965297
1.9558400675216137 -3.4892247893016366
3.886147583493995 0.9475531432609905
-2.545634176690336 -3.08540866636271
-2.7554313468438454 2.8995858485015256
3.876070399415722 -0.9879667295882212
3.145611909171539 2.4708552602040825
3.4962215330653135 1.9433051720536405
3.9800848201887717 -0.39865376469175934
3.667773709939792 1.5960689247881799
2.815536204502858 -2.841259558916369
0.6933196162119355 3.9394552808447685
-3.9025792696912314 0.8774252354339112
1.588944545475549 3.6708657332301735
3.9962870921773215 -0.17230634607270798
3.9528891108132314 0.6121010354624309
-2.524673181800837 3.1025836531986752
1.4518768184289104 -3.727204542832167
-3.753859165962567 1.3814996786531732
3.6977949688759675 1.525225349958354
-3.8771829393266692 -0.9835916098636718
3.0438142931263092 -2.5952253368368585
2.890922532773118 -2.764519290854137
3.924239369370505 -0.7748195737606162
3.650745835561276 -1.6346421150001
1.7310018124600157 3.6060550086292555
-0.1340297316712908 3.9977538732428393
-3.178575088997397 2.4283040179526925
2.7708523064407187 -2.8848531151329264
-3.132818909491266 -2.487055624696391
3.9909098935293525 -0.26951478944490864
-0.8198366051711943 -3.9150821116320627
2.0557350055751114 -3.431319511041357
-2.5628575270946814 -3.0711172715827924
2.294856433358197 -3.2762225123264286
-3.590940550627641 -1.7621424351788517
3.999097785694326 -0.08495234225576583
-3.833466219121672 -1.1421631874881075
-1.2641769351944467 3.7949778229289266
-3.738666355580381 1.4221019237914392
1.6652105271989912 3.6369044392320315
-3.990942746029021 -0.26902787572728687
-0.27311682601317666 -3.990665007157139
0.8863598148594871 3.9005597391403013
-0.7356264701162593 3.9317748786603097
-2.706607525363009 -2.945212335918809
-3.236042061488667 2.35117667908564
1.1581440282943625 -3.8286684904449624
-3.9774738539539642 -0.42391242151250874
3.9577773519037587 0.5796537179710591
1.8427301274320627 -3.550259945053913
3.1875060026413102 2.416568948556117
-2.3646021957450096 -3.2262449466644467
-0.3225011857905432 -3.986977926345178
2.959536363802925 -2.6909374781529505
3.2409669121612015 -2.344383388926881
1.5165773241583564 -3.7013501887620253
-0.5273784002638946 -3.965081590955613
-0.05643626651388276 3.9996018486621856
-2.716733409825053 -2.9358745851858763
3.9999498886414417 -0.020022196615687295
1.7753482663710318 3.5844300150921304
3.8778494949804756 -0.9809603938384424
-3.9893112868006337 -0.29222501091636693
-3.5354412589498794 1.8710037692412305
-2.4882444629360116 -3.1318747568618193
-1.4492471323969978 -3.728227829577892
3.374619943450239 -2.147542837120579
3.930627705892143 0.7417316480190587
-3.2694845806867705 -2.304445828534803
-0.5306834093625236 3.9646406040178936
1.3487198280603088 3.7657608561082276
3.4530920151127265 -2.0189491165368008
-0.26656393143365176 3.9911080755172033
3.885351680241152 -0.9508114013027277
2.671905530387901 -2.976729889775448
-3.758492416264928 -1.368844314331993
-2.7020100045046695 2.949430781618154
-3.831288217608624 1.1494479516765146
-3.9958174077930226 0.1828749397217912
-3.989388949923721 0.2911628517282226
0.35814639568801887 3.98393413088817
-2.5112891702240807 -3.1134268424864664
-3.679719754643284 1.5683311280746715
3.1095608400902512 -2.51607459781645
-2.9289340677266167 2.724214607352074
3.865057817875777 -1.0302077773329694
3.6595162923876137 1.614911918882765
2.6950876847961878 2.955757495340226
-3.7223328990653397 1.4643216137638015
-3.7093701546592297 -1.4968543869472946
-2.951887558225816 -2.6993258127894877
-0.9569248033224761 3.8838505276061075
3.5428993958889357 1.8568424463615152
-2.382752655242629 -3.2128631754144465
-3.470412528921048 -1.9890291297786002
3.3367361560456428 -2.2059446559099682
-2.1782453831650574 3.3548840592068325
2.8365456424402935 2.820285237055462
-1.912250059646876 -3.5133032475692327
-2.2832237069434336 3.2843400408684067
3.9120073907517505 0.8343849080033026
-0.4513540054002528 3.974453366415204
-3.67564254246813 1.5778630802444247
-3.575178114739984 1.7939067556270178
-2.652482202250543 2.994050461622868
2.4217790726248505 -3.1835492965236645
3.7884579202888657 1.2835834940511508
-3.7684089775107816 1.3413030150626466
2.0784844737181523 -3.417587203351595
-1.705029572892492 -3.6184076823323883
3.8734730375181092 -0.9981015116811675
3.0187909576911705 -2.6242906000978676
-0.6384475281062594 3.9487193815026926
3.8273356362813034 1.16254115077755
3.2691412721104123 -2.3049328283020127
0.4445378805845064 -3.975221512409772
1.488771577358082 3.7126216061498547
-0.16815644756134945 -3.99646386310993
-3.9990736881189752 -0.08607924833835849
2.1542026548993882 -3.3703725197112004
3.803396172985948 -1.2386192115883903
-3.9959622788898246 -0.17968156747323405
-2.602481223963201 -3.0376127927895946
2.344942664358116 -3.240562281591431
1.63462739860463 3.6507524248750505
3.451388418418085 -2.0218600310628596
-2.8048822216329405 2.8517776425884716
3.3532512105598786 2.1807581981684048
1.194208340320736 -3.8175733705992334
-3.392617466845083 -2.1189966313464614
2.188172063809261 3.348417987522573
-0.9175915639526986 3.8933309288786178
-1.905477757436768 3.5169808808001424
-1.2634547977059363 -3.7952183038863327
-2.1427289292689435 -3.3776786015951794
-3.992726578247777 0.24111091089745312
-3.273747934773112 2.2983851852047743
-0.08069263732411038 -3.999186004461618
2.8954205243124953 -2.759807962049163
3.3069747761944583 -2.250315051190302
1.4250609830219743 3.7375394572724505
3.254137759558505 2.3260669469762805
3.424433941578036 2.067184602247297
-2.240043165175503 -3.313941251463356
-1.2840586839390375 3.7882968859634993
3.999971135600234 -0.015195866706858071
-3.490574293072348 -1.9534305988548655
3.997793694605023 -0.1328366492212127
-1.9816599567447244 3.4746257087396475
1.7332460549748439 3.6049768533118405
-3.8903082234512083 -0.9303235601380334
-2.9851600289430174 -2.662483727950449
-3.846021647641184 -1.0991439786831343
3.670284749806874 -1.5902860922912867
3.600832783582879 -1.7418390467189484
3.9944843295628623 -0.20998795412292404
2.4592537569942645 3.15469031106218
3.8104135564890522 -1.2168601104993344
-3.0764833246278185 -2.5564135724266066
3.802100654084562 -1.242590284932949
-0.6605006187506632 -3.9450904847202164
3.9399775968524193 0.6903452297952352
1.9390522862729074 -3.4985820314950185
-3.4277093012873654 -2.061749001665353
3.7407194571572733 1.4166926070411308
3.665548481856038 -1.6011727974091041
-3.90529636839474 0.8652515674662812
1.6335503286603064 3.651234493117883
-0.16969590047937297 3.9963987915823034
-0.05802757465389078 -3.9995790779255493
-2.59713391300598 -3.04218596372974
-2.6043742398909298 3.035989923993909
3.9790131744549 0.4092116292511013
-1.0618698402304885 -3.856479280692284
-0.0892036714130265 3.9990052144260124
-0.9124846514375335 3.8945310065386467
1.0990572824159688 -3.8460464232726608
-0.8192035107403381 -3.9152146311525127
0.19431460532987654 3.995277441449529
2.6545419288063554 -2.9922244481671214
3.8017999864845877 -1.243509896529091
0.8965283966372596 -3.898235092195316
2.8894613503109237 -2.7660464755783427
1.8091748943088815 3.5674761669564727
-1.6240217555848238 -3.655482640826952
0.1823742366881833 3.99584029182754
-2.6808358516698663 -2.968689801309915
3.947421802680897 0.6464217754063495
3.3112394193344055 2.244035095056659
3.5866653824908172 1.7708278950937044
-3.979727944933909 0.40220080098394567
-1.7461086540497517 3.5987643112952763
-0.03163322061144026 3.999874915463451
-1.0342977864805363 3.8639653322566785
-2.570119794450812 -3.065042290437787
-1.3548619307904237 -3.763555386664961
0.9175548511351017 3.893339581279604
-1.7473824140950125 3.5981460085593366
-0.5646197189800961 3.9599500720260146
-1.4819933862478614 3.715332502363361
1.6243750228048748 -3.6553256743124356
3.5814933629774237 1.7812650816059536
-3.4682098855845735 1.9928673286331526
0.6469559100618979 3.9473342967673744
0.01571875857209254 3.9999691149593835
3.7434998300794677 -1.4093292809684317
3.948664899550384 0.6387844010765741
-1.0887054000518606 3.848989549465927
3.8764065833452777 0.9866468469505132
-3.8851835364062857 0.9514982335441023
-2.6265412032506483 -3.0168329929955746
3.4453777926324127 2.032085595154742
-3.86198278199858 -1.0416760492334014
3.032940903951082 2.607924361084959
3.1403596434956236 2.477527257065811
-3.7712279165137343 -1.3333566671027968
1.6350380653532692 3.650568520771229
-2.2241518420903423 3.324627585659202
-1.4676879981596676 -3.7210068449356646
-3.4076658978156154 -2.0947107506442255
1.3791402312128316 3.7547266508562536
2.2620162192160755 3.29898205875743
0.2371571118301022 3.992963373774972
0.557318539165359 -3.9609842269191873
-3.616029116730127 1.710068252134966
3.3744497179773716 2.1478103037378413
-3.9139986297498397 0.8249937735015804
-1.205395891177286 -3.8140556820178855
2.3623270297632053 3.227911244822285
-2.8659758177121164 -2.790373203048181
3.983696124386662 0.36078413012033816
2.0551171043914627 -3.4316896257146636
-0.5654643755596018 3.9598295468331703
-2.270906000562385 3.2928689522375096
-2.9928339034382856 -2.6538547862364954
-0.825158786964589 3.9139638445309033
0.20217232063770046 3.994887526923376
2.5141436273098243 3.1111222768090294
0.8715874538596985 -3.903887205116763
1.5929594612129094 3.6691252574601863
-2.5449897110100164 3.0859402733774925
1.184803143512461 -3.8205027825042857
2.765119802103492 2.8903481589620212
-2.1648391100775766 3.3635504496704858
3.7702975139676154 -1.3359852754314399
-1.2290074970651084 -3.806512915012605
-0.8094499619351782 3.9172427495782207
3.852592500800754 -1.0758861569765603
-3.7647964695631044 1.3514094652492212
3.628929211741758 -1.6825197699187195
3.862750764715692 1.0388245904330236
3.461304238469087 -2.0048373920984055
-3.9447493047585427 0.6625352236726706
2.1073010470998317 3.3998944537870512
2.607916611584652 -3.0329475674697752
1.4092422672755258 -3.743532587292935
-3.9997953733290936 -0.04045950438619251
-0.8783432832169525 -3.902372749600897
-3.9440374448086315 -0.6667598022882009
-3.8256608694641407 -1.168040629366493
-3.640874924142552 1.6565113301000896
-3.9736032619326895 0.4587778512067566
-3.817660473589677 1.193929859075081
-2.5906970696440945 -3.0476693871444622
3.2728269767619818 2.299696410437479
3.034181070079419 -2.6064813895310497
3.619111427389752 1.7035352876113001
-2.7785878670633792 2.8774032503297446
-2.3778028273411733 -3.2165282082220763
1.9458091922912746 3.494828549041394
1.1933686185576344 3.8178359498859877
3.5851786390803606 -1.7738359918216493
-3.2644250621273194 2.311607452348916
-0.21537470506844753 3.994197508438545
0.5800732502727964 3.957715884739322
3.3930343905498637 2.1183289698594776
-0.16210456567855275 3.996713913928062
1.6045085480941281 3.664089562100369
-2.8213887565286284 -2.835448021836027
-3.280171642610265 -2.2892081589526705
0.5145381697612352 -3.966768265459776
3.442658770240651 2.0366886339558943
-3.925659878710834 0.7675900707278859
3.9879789587386423 -0.30987711218780434
2.6511287893818762 -2.9952489282379497
1.6872546875287882 -3.6267301553068614
1.1671701379581767 3.8259265373316684
3.6288684255626666 1.6826508698937912
-3.3430852210991366 2.1963108169083303
1.2080369123020338 -3.813220006571319
3.9710451073769866 -0.4804172719389845
-3.8985401788523775 -0.8952008008674212
-3.049009946464796 2.5891192221214423
1.9079766721759208 -3.515625835954745
2.1314295560661485 -3.3848202385839725
-0.2659500887337837 -3.991149026320928
-2.764473860752764 2.8909659757967936
0.10766628876410309 3.9985507337363826
-2.8591507365230022 2.7973660943537535
-3.1352513733430665 2.4839884915092534
2.99577599708862 2.650533186977232
3.058877667152079 -2.577453669301983
3.5639738507111356 -1.8160645339434502
-3.62042309315663 -1.700745902990267
1.9272647378854104 -3.5050892470953547
3.9091073094263633 0.847867939828708
-1.3731978477699143 3.7569040007538224
-1.5156332945355073 3.701736851330122
-0.199751209190637 3.995009318440556
-0.6525077930708666 3.946420350137804
1.3178928789249624 3.7766596827989245
2.9203363073903645 2.733429320786914
-2.966608158953481 2.683139212048201
-3.7181949738862197 -1.4747969813392126
3.8387358521963892 -1.1243251562880117
3.0104661513935143 2.6338362802790005
1.9129537369270113 3.5129201528610046
2.381087668824839 3.2140973092565654
-3.175053741762025 -2.4329064381769734
-2.9387698241470535 -2.713601282554734
2.199500229549874 3.3409876893233315
-0.19428293699561458 3.995278981547141
3.9999230947335263 -0.024803955679886143
3.4363110306672064 2.047380399563032
1.335603618424908 3.7704327303971747
3.013371119059341 2.6305122122543083
-3.9319064566070447 0.7349228643142319
3.474118107282783 1.9825497160600778
-3.70676807882527 1.503286536160693
3.4482851768783034 2.0271480801661648
3.0737076436640147 2.5597502458797443
2.674611339210891 2.974298939946105
-2.961947232210489 2.6882835776012586
3.999413260516723 0.06850964605801113
2.686067928577176 -2.963956660119901
2.62364398580354 3.0193529498481815
-3.5323694377740913 -1.8767967804425578
-3.997600882251167 0.13851781915945094
-0.17212943506838177 3.9962947160567426
3.8461653196016763 1.0986411308035648
-2.7636011880477773 -2.891800213261787
-1.2999527366082333 3.7828723058787967
-1.1277164476789823 -3.8377409518666443
-3.1529150382255833 2.4615293542289858
-3.987334011707671 0.3180683559853316
-2.349120069229402 -3.2375353126018025
-2.236026600464167 -3.316652686371707
2.3525216588038513 3.2350644266936595
3.9634544064275903 0.5394711930860783
-3.767609619787329 -1.343546706626152
-2.9518771449334604 -2.6993372003548353
-0.8635580678634971 -3.9056711924364373
-3.9991039973625573 0.08465942522138763
3.561006555951844 -1.8218760409171602
3.863198522738245 1.0371582202889988
-2.1666766599629192 3.362367060743358
-2.0029909441480283 -3.4623730702599036
-1.79267560455972 3.5757956005365354
0.7635468102454217 3.926448302036338
-0.3240351022213407 3.9868535529322373
3.5335707256887385 -1.8745340558537642
-1.2419568051039098 3.8023076275146503
3.8013387427663967 1.244919179201281
3.9638391763934053 0.5366367334508975
-3.718338838911747 -1.4744342233685577
3.9958464899097206 -0.18223838529838768
-3.9837289649269065 0.36042132845102054
0.9455698950184223 3.886630619654362
-3.9519733639531767 -0.6179858660233352
2.944817007393454 -2.7070376415865116
0.9209427282948498 3.8925395940440786
-3.999797395474587 0.04025910027198831
1.600598853369476 -3.665799136694797
-3.9596155043968753 0.5669612485345692
-3.604243874001644 1.7347697532299846
3.989022503716267 -0.2961409543531638
-3.989164312937121 -0.2942245475634342
-3.861849621723926 1.0421696115272074
3.4709845826967087 -1.9880306905784315
3.5823722101638253 -1.7794969367340732
0.06634122600102263 3.9994498173789705
-0.24474689688054968 -3.9925053483329664
2.104700440765531 3.401504969074921
-3.9991580101108526 -0.0820683262057009
3.604177558542965 -1.7349075267850074
3.7841875866381907 -1.2961189409670029
1.1263704019578102 -3.8381362296814583
-2.2522316173499632 3.305669787170093
-2.827357667596783 -2.82949617767575
0.11879153691377224 -3.9982356822425644
2.6418275956647603 -3.003455835331053
-3.9093563227990757 0.8467190451329698
-3.620127284646925 1.701375456198567
3.1641021517001082 -2.4471325206467154
3.8993312606457113 -0.8917486864308389
-3.4100724947098935 -2.090790659253825
-3.824148519467787 -1.1729825663889182
-3.768206263452616 1.3418724067795997
-3.849705841544813 -1.0861698456391355
-3.87570038452958 -0.9894172675657456
0.6010176108841114 3.9545894643321895
3.29729840302877 -2.264469748392308
3.9794654466555404 0.4047897712079944
-1.2103435901083153 3.812488477868978
-2.93480154594175 -2.717892544957934
3.970346722533444 0.48615522507522246
-0.772787328109672 3.9246400784674655
-0.13326008003319365 -3.997779602613124
-3.2713566058270125 -2.3017875569895603
3.2207022072404157 -2.372146136366121
-2.910127963669123 2.744295034261259
3.8784407684324376 0.9786200517878232
-2.033604424398106 -3.444481535016329
3.989835421596031 0.28497948799451955
-3.3934058118609514 -2.1177339294699693
-3.3577139665730695 -2.173880612793661
-2.255317731021655 3.303565033738451
0.026610247240687147 3.9999114858633797
1.4927535518469648 3.7110223434315603
-3.8973674703104773 0.9002926198551849
-0.9717242302329601 -3.880174225518509
3.9505753900301706 -0.6268605009792582
-3.21385511613351 2.3814145570442924
-1.5661356176416994 -3.680654728055058
-3.873320704159211 0.9986925065962968
-2.9054931472043517 2.749201624389989
1.176601533201627 -3.823036598316524
3.5079106762377585 1.9221245244617091
-3.9922071880584213 0.24956315355971914
2.9462524307106177 -2.70547530288705
3.140634107055802 -2.4771793244732616
1.8605771267904727 3.540939530020826
2.819688142190523 2.8371391895340907
-3.831717306022401 1.1480167623900075
-3.531962688620681 1.8775621337765016
-3.8891926492248516 -0.9349762228075009
2.3178716624527 3.2599802079765388
1.4019977491972815 3.7462517682672845
3.4376213283744863 -2.0451796015765535
-0.7940852772004426 3.9203862784850037
-0.9680069567165717 -3.8811032621856794
2.3594740283083477 -3.2299972615682475
2.7339755004369937 -2.919824988421445
3.354055006175773 -2.179521740095114
-3.922806932063811 0.7820394962865426
3.9781455047121987 0.4175623825707057
-3.9250591970593645 0.7706557594540485
-2.2628784185128183 3.2983907080618766
-1.0427888451855305 3.861682460321748
1.5619342297617402 -3.6824396073661005
-3.735482564901177 1.4304439895778238
-3.85904764804002 -1.0524976247748918
-3.980571452709218 0.39376504400013407
1.2249065338879663 -3.8078345530286066
-3.4434685458319483 -2.035319231439139
-3.9477000891552487 -0.6447200990225457
-3.99728971171065 -0.14722418501112577
-3.7081535362679574 1.499865777815949
3.746533062543555 -1.4012458782340838
-1.2395640819714109 3.803088335377759
2.1814825590738143 3.352780017307542
3.992196291134855 -0.24973740818929505
-3.8961308215694954 0.9056294061127915
-0.547246818962692 -3.9623882847514094
3.3516334458120234 -2.1832437438165773
-0.10563099730264866 -3.9986050183043647
-0.927488600286551 3.8909850804569395
0.03516623498369029 -3.99984541400253
1.5666108941992307 3.6804524594370576
-3.9441896774304617 0.665858685045851
3.6004441533942333 -1.742642217521796
0.9762073616344109 -3.879048747707456
3.7548896534312743 -1.3786963735916493
-3.99728457453442 0.14736359858927126
-3.314400212235652 2.239364024256053
-2.703937727573708 2.9476636113036254
1.9659306142559148 3.4835494570812915
-2.5782074239390442 3.0582423839757364
-1.7077257005225532 -3.6171360123410836
1.284474377479018 -3.788155959513796
-3.9154853129554144 -0.8179087748828964
-3.1881303388475506 -2.4157452147359835
-3.41549390626724 -2.081922519271875
-0.6927661172424963 3.9395526531321745
-3.4527186120513322 2.019587627708766
-3.117146291058658 -2.5066708998468967
-3.5251586665870893 1.8903058946598916
-3.7313104384358553 1.441291924635542
-3.267199168152258 -2.307684899553055
-2.905399584540412 2.749300502701078
-3.819185363081235 -1.1890429607150685
3.7830862138988968 -1.2993300959371752
-0.4892919800318825 -3.9699613799477294
2.8701599003283684 -2.786069300384872
3.196359898003089 -2.404845816770315
1.5270777137525762 -3.697030383451048
1.45014414441502 -3.7278790163333935
-3.423714288430375 2.068376288589117
-2.6447178502259114 -3.0009111104290365
2.686597926403584 -2.96347626645532
-3.82856910742014 -1.1584725243648009
-0.1245466848069153 3.9980605452273488
-1.3272587007699947 -3.773378372391291
2.4192913129337987 3.185440243225896
3.9865796902801893 -0.327387191327806
-2.239417632305918 -3.314363991494802
3.79999556742331 1.2490130854251276
-3.4675801855237633 -1.993962802301734
-0.15832016019044454 3.9968656128117783
2.6886921748668167 -2.9615763351313347
-2.3039583972219924 3.2698280847577093
2.423043120178082 3.1825873181670388
3.991196657251995 0.26523431742612236
1.9836895084905461 3.473467422318012
-3.4394929339019455 -2.0420304497334474
3.6267125362869863 1.6872925588465137
-3.739816366866331 1.4190748895385037
1.6954513853107802 3.6229055466638593
-3.2408865272069756 2.3444945122069085
-2.383965775012384 -3.2119631354624234
0.9513857920927408 3.8852110720788477
-3.880731016456848 0.9694982093381097
0.6632491198770427 -3.94462933683031
3.829070885716937 -1.156812928763727
3.50880645377858 1.9204888101527138
-3.522203721771554 1.895806145769819
-2.057909717432592 3.4300156843513863
-2.8489336779134646 2.80777080596876
-1.9090233488515984 -3.5150575889364073
-1.126339885837307 -3.8381451850564487
-3.8663675994176687 1.0252812229692168
0.3828756351451666 -3.981633615491534
-0.4148096631387708 3.9784334785649866
-3.121430077077611 2.501334498605746
-2.5878071235246294 3.050123651827116
3.9890803964793182 0.2953601029665399
2.088772168643229 3.4113092541576266
-1.5539707684507849 3.685807218344508
1.7981765048709055 3.573032501577652
2.3206959021207014 -3.25797030831777
1.8623456765493913 -3.5400096865740056
3.802535259697372 -1.2412596822414887
3.4782891048191154 1.9752227477671065
2.4881036372765983 -3.131986636333393
-0.3720062429633732 -3.9826638516445594
3.894335185620238 0.9133200217011479
-2.1396256116852013 3.3796452834314916
-0.6358846417249866 3.949132907666984
-2.42587855066342 3.1804265841913635
2.540579332119183 -3.0895722450217677
0.56720877309194 -3.9595800544663238
0.4694914633091653 3.9723516669448866
3.621236728685618 1.699012817732192
2.8182087026625005 2.8386087627986614
-1.3962037681269786 -3.748415003420516
-3.926258713655809 -0.7645211007171949
-1.4816497190062912 -3.7154695679238956
-1.9543415784771934 3.490064325286179
-3.2272018171635124 2.363296094715287
0.6600521535525168 -3.9451655421022176
0.5188273914088996 -3.9662095428663164
3.040372291493722 2.5992568801711795
3.933684659792371 -0.7253447437695952
-0.36617726208383444 3.9832040134460582
1.6148957618535589 -3.6595234222979656
0.2234184836455079 -3.993755648655228
0.38723436557396884 -3.98121206997549
3.9155667017288964 0.8175190544029486
2.532484547035666 3.096210913201095
3.945669825661602 0.6570309177379274
2.5873341235702805 -3.050524894671212
0.510359324892392 -3.9673080746893583
1.0165425560106203 3.868674350707151
2.800984560655911 2.8556059761401276
3.452714457674114 -2.0195947300803074
-2.253014409497912 -3.305136316492071
-3.9785195312643142 0.4139835012997277
3.992279534107058 0.2484031431965603
-3.333626827117068 2.2106406712818325
-1.462698450926743 -3.7229710234779567
-0.08167696067906753 3.999166022321933
0.2145857026554972 3.994239974790679
3.8104848052070635 1.2166369833627808
-3.9991150268634827 -0.0841368047568042
1.3639935396730476 3.7602555263878266
-2.8678860202231573 2.7884099008231518
-2.7378529292381266 2.916189523652777
0.7000020909419881 -3.9382733618524814
2.9034317960491025 -2.751378528245629
3.979480309261604 0.40464363111158413
0.05308632699415603 -3.999647714722669
-3.533535273306303 1.874600883468305
1.7810832262441934 3.5815838034578467
1.0836491134951727 -3.850416159173074
-2.5749816275472903 -3.0609589376196977
-2.215501725487941 3.3303981900607558
-0.22245010802553833 -3.993809703708907
-1.980638296521493 3.475208186332502
2.062211995558945 3.4274307703253166
0.8439237696819429 3.909960699414486
3.991058119929571 0.26731083656342725
0.38165972140469895 -3.9817503509207213
-3.897099327425579 -0.9014526233691373
1.2549652867625165 -3.7980339820782376
3.088107302221921 -2.5423597876704327
0.16044628587279766 -3.996780828285387
1.0107193532046663 -3.8701997867109577
-3.802594478252375 1.241078254569206
1.5812327825423018 -3.674194182050471
-3.9537169735201676 -0.6067306595998969
0.9452870408992906 3.8866994237151737
1.0800389823748482 3.851430357224534
1.1781022932034815 -3.8225743925721964
2.8941651658856724 2.7611244072974976
-0.965240191967146 -3.881792288597012
3.7296362195155384 -1.4456187844925938
-2.489862517687262 -3.1305885457875244
-3.7465715840736173 -1.4011428783004631
-3.6732515411864157 -1.583421332170191
-2.5784621224462416 -3.058027645903487
-0.6840710488874912 -3.941071783166854
-3.6473896977840403 -1.6421170459193366
2.833091015445131 2.8237555308850797
-3.9995401730889975 0.060649846225968335
-1.225752634175535 3.807562275237496
1.7943784597499604 -3.57494139017486
-3.9573179903079616 -0.5827815401889069
-3.993436788062305 0.22904719983142724
-2.7705704640673954 2.88512379346838
2.1440030166547634 3.3768700100204145
3.5652914475656017 1.8134764663252665
3.591441576422619 -1.761121064306203
0.24387063217709495 3.99255896822596
-3.4461831375719107 -2.0307195233007977
2.2289433389424786 3.321417105963049
2.8673138447031574 -2.7889982638885953
1.2106653103689906 -3.812386326996407
-3.643669232020877 1.6503558790831732
-1.3929140946443548 -3.749638692586407
3.9920527582148533 0.25202137930973795
3.616689725296235 1.7086706619289291
0.3026627914977075 -3.9885329677267074
3.7878788419416742 1.2852913594864792
3.985826614399152 0.3364315680006802
-0.49802390410903274 3.968875431521629
3.7267695633222493 -1.4529929875587466
1.0704893084531357 -3.8540955671191557
1.619987886683846 3.657272104588009
3.858944397133079 -1.0528761274885179
-3.904396319002194 0.8693039653436057
-0.17510514239828423 3.9961654356527427
3.091910281051943 -2.5377334008767147
3.9981551807554614 -0.1214707808415791
3.9134907069667273 -0.8273998347141887
0.720608698600729 3.93455500704984
3.290776731588497 2.273936785145033
2.6968948536913686 2.9541086892890402
0.6495856317694957 3.9469023939031764
-3.8558219305277817 1.0642543117417989
-3.999683082055067 -0.05035119782568369
3.1935660872405496 -2.4085546799745043
-2.617290184794354 3.024862325557832
3.9883239515576436 -0.30540474362986614
2.9370733409649836 -2.715437384620163
-1.8604453326635189 -3.541008777759599
-1.1674424176511689 -3.825843462750246
1.406035531500185 3.7447381863301192
3.9761674684358272 -0.43599571437415124
3.9823553984195295 0.3752938591008789
2.8212828468259543 2.8355534024605564
-2.444247191632009 -3.1663315786883466
-3.819445127190322 -1.188208281566033
1.1125339718736214 -3.8421697205390477
2.421807293008258 -3.1835278286096407
2.5116490698662446 3.1131365132033686
0.3516979743907575 3.9845085687960866
-3.9727070466353243 0.46647478132696646
0.03891038094347618 3.999810743304592
-1.0528034290407435 -3.8589642314745616
-2.5892855281478195 3.048868717036578
-2.5972871328351337 3.0420551522957386
-1.4614034549386534 3.723479547666855
-3.7986292268993456 -1.253162398313195
3.8559600477175624 -1.063753782792792
-2.866490423847676 -2.7898445565998067
-2.2389909840559223 -3.3146522250933494
-0.21655699003687542 3.9941335819006065
-3.5573737118200217 1.8289593419351455
0.008509465831420442 3.999990948613667
3.9995177977519942 0.06210785348920467
-2.934974026162819 2.717706287616381
1.7598939175619053 -3.5920430675214083
-2.2463125501226213 3.309694838978604
-3.1924422171203304 -2.410044126224213
-0.5881173908888393 -3.9565285206269025
-2.947767899921274 -2.703824034251068
2.5929097060906736 -3.045787132427474
2.834286067785927 2.822556019985181
3.7685029979585347 1.3410388340303712
-3.508938115472678 1.9202482396250362
1.6987692069792066 -3.6213510160462543
-1.9386259207856553 -3.498818306122507
-1.738585287533404 3.602404918658144
-3.0186754766546584 -2.6244234350888904
3.7944506012293484 1.2657585215317484
-1.427584997090164 3.7365761167254545
-3.965614675107866 -0.5233548018019257
1.1821484293523716 -3.821325043879377
-0.9832967097505554 -3.8772577397683703
-3.986188585867211 0.3321152780315378
3.9274071650841145 -0.7585993406574761
0.34457126007345323 -3.985131195673662
-3.9109709091235825 -0.839229734929036
0.3802882561428856 3.98188157059446
0.6905126646999622 -3.939948255991309
2.680023768256238 -2.969422940839118
-2.773072332854101 -2.882719174106127
-2.0950825737488974 3.4074373081795204
-3.6639385224034267 -1.604853421359158
-3.5396218290928556 -1.8630827429315497
-3.7343461074453543 1.4334082285963514
-3.9995252191572788 -0.06162808876577501
2.6580942628370106 -2.9890692347071806
3.0295782660982162 2.6118299197278
-2.24989908011439 -3.307257796014762
2.3086686808014028 -3.2665040826986136
2.5921840440720247 -3.046404746854627
3.0466351058191745 2.5919132956158446
3.588408021842485 -1.7672939395517953
2.8137226221238563 -2.8430555755645104
-3.7888155972576683 -1.2825273369316608
3.517804682888639 1.9039564630124197
2.625693320305955 -3.017570974757792
-0.48598988776881713 3.9703669640206374
3.9982655858558767 0.11778074953302929
2.892855104755809 -2.7624969398875825
2.5678408295691746 3.0669518212709983
1.0878376274104724 3.8492348975335284
2.1274925541855567 -3.3872961830765576
3.6294165208457407 1.6814683220958995
-0.1414800401572818 3.9974971417422043
0.9130681974298256 -3.8943942361864505
3.353297596178266 2.1806868714845478
-2.438836002297346 3.17050137263782
-2.3645624780986942 3.2262740564260444
-3.942678478823563 0.6747491479220381
-3.1676551970794806 2.4425315867794537
1.2746083647471758 -3.7914869796053012
2.919464213065538 -2.7343607495408535
3.877920422539152 -0.9806799663772903
-1.4686587183920738 -3.7206238144820487
-3.911069324620815 -0.8387709687453918
-3.360778054380519 -2.169140583086835
2.5875672153286238 -3.0503271801819016
-3.5388987512744507 1.8644558531185802
1.3920393683025336 3.7499635194353402
-3.4909390165519576 -1.9527787336806115
2.0711954724089763 -3.4220095433929694
0.8201330134583503 3.9150200306302043
-3.9937176865530426 0.22409605108839492
2.997356735713487 2.648745476423318
1.8780247466830327 3.531716728567869
3.8437096789957956 -1.1072018350752666
-0.33893909338800693 3.985614167349032
3.9383641004305203 -0.6994913955440032
-3.5697270430757286 -1.8047295747379484
1.674295269519219 3.6327311145287875
-3.5397080966777685 1.8629188362121014
-3.4336954464687683 2.051764016864426
-3.903507748836457 0.8732853226602024
3.3735119186623383 -2.1492829815180574
-2.7723360357418523 2.8834272844875333
3.8320961861333904 1.1467514204141733
2.750412307016844 -2.904347111040669
-3.5667628675388214 -1.8105807484744347
1.3743981852567047 3.7564650442088605
-3.855368909078939 1.065894260659786
3.994668167739986 -0.20646120614988436
-2.8023888072063095 2.8542279119307903
-0.3464814726204013 -3.984965569378335
1.2717516862702816 3.7924461299362835
0.7760684951123115 3.923992570188444
-3.639270114596941 -1.6600340457356795
-2.053922995923436 3.4324044526857405
2.9665035353584055 -2.683254884409247
-2.2354525380877406 3.3170396364766397
3.9908605155685017 -0.2702449727123764
1.8691212560928827 3.536436869226109
1.1292231304081113 -3.8372978932774173
-2.0217153457872032 -3.451473172517574
-1.2420643638937199 3.8022724936470937
-0.08701925054459075 3.99905334423469
-3.9800170635950507 0.3993296551625385
-3.5077220407553122 1.922468747418118
-3.5414091828296193 1.8596830374475237
-3.937705096050863 0.7031917068161866
-2.654481732191252 -2.9922778503111855
-3.188553839845574 -2.415186206155965
0.6820826112551635 -3.9414164092903627
1.5682084934104845 -3.6797720202745197
-2.862418601715289 -2.794022145322812
-0.957944813684195 -3.8835990696692098
1.1180315554116982 -3.8405735823056038
-0.2713629291004193 -3.9907846547652808
0.11413618674665622 3.998371284770204
3.961791017899635 -0.5515541047710333
1.8755753484123974 3.5330181307810626
-3.8499376054528005 1.085348070491838
3.991263453966523 -0.2642272526277702
3.8160910166172974 -1.198936759338357
-2.1893538158573733 -3.347645421634549
3.2742609966890344 -2.297654222367006
3.7941965773316717 -1.266519771880655
0.5989166923874009 3.9549081905373904
2.5846114303333954 3.0528320874541985
1.8372755524979667 -3.5530857777702596
0.7729703209504392 -3.9246040415473478
3.5181066371259133 -1.9033984579721077
-0.3933386665219908 -3.9806136076513003
-2.149851572362885 -3.373149598936998
-3.985554937151496 -0.33963486709602564
3.9277792466114017 0.7566704632062563
-0.5554734396480793 3.9612433979554362
2.242333811803989 -3.3123917456183523
2.063548456706991 -3.4266262951804647
1.3187136909744233 -3.7763731543951815
3.7996624893423596 1.2500259865637289
3.101661666199899 -2.5258057938856004
2.3435782458345393 3.2415491675510806
-3.464739748987508 1.9988943123101786
-2.4024982455257575 3.1981247912246418
1.5025980315511192 -3.707047228668486
-3.121487778317902 -2.5012624911855954
-0.8349590875453987 -3.9118848809909212
3.8555656549438635 -1.0651823695580471
1.6927056129996114 3.6241892483312195
2.6517596702197315 -2.994690409941592
-2.831577024448866 -2.8252737132202443
3.988556940028025 -0.3023467151372373
-0.1857665864726032 3.9956840184567044
3.9310203349149675 -0.7396479747048696
-3.4860655807011276 1.9614654641494225
2.7553809029851846 2.8996337836810615
-2.766901250924543 2.8886428418259325
-3.495248315779171 -1.9450550663266244
-3.2518655659771274 -2.329242439251925
3.9761644390834543 -0.4360233403937886
3.9999285849323214 0.023902205783535378
-2.812732544384773 2.8440350971390562
3.9992607217032936 0.07690045410303079
3.9137638056203152 0.8261070595367092
3.276105120633685 -2.2950240169893097
3.127042782516968 2.494314221646611
-3.5916540872759612 1.7606876262852196
3.9015530415655744 -0.8819772467872485
-3.5362843954829097 1.8694097127874538
2.81747998605699 2.8393320566936695
1.5024193917030213 3.7071196327384315
0.8673934409096464 -3.9048212018819664
-3.8356701079606492 1.1347399803025986
3.9314479109537106 0.7373719030839904
1.529282776170542 3.696118800919164
-2.940629806204782 2.7115855772702484
-3.2552651037856175 -2.3244889984845303
-2.8355912295907086 2.821244827849624
-3.7898031369181355 1.2796062610840335
3.4806525489543945 1.9710550051830817
-3.661032207092977 -1.6114723635942145
1.0412739109554872 3.8620912265718768
-2.546341740588046 -3.084824750312251
-3.9800059327457356 -0.3994405779446379
0.07438222782190518 -3.9993083507256912
-3.9382728255916484 -0.7000051079859172
3.2538114416556536 -2.3265233938541767
-1.7031249895461067 3.619304528494884
-3.998489843753412 0.10990436479418379
2.154940834108522 3.3699005922269674
-2.419153754561031 3.185544711943825
-3.3473992836449966 -2.1897301285439177
-1.4399084617488218 3.731844533442429
-3.8447842565178307 1.1034645535007601
-2.4897186560627556 -3.1307029583869928
0.5011555539519267 3.9684812095741537
-1.0264891258967954 -3.866047086419879
2.750636926622177 -2.9041343801385127
1.0700223538861073 3.8542252350095
2.7770353901408797 2.878901603373254
3.7499722477209922 1.3920158552697484
1.7677954274320153 3.588160995099085
-0.8797901870803794 -3.902046799657466
3.552705285934636 1.8380111945502666
-2.7386007991590837 2.9154872084859553
2.304251670361957 3.269621421454498
-0.6008748279779681 -3.9546111618087623
-3.5094569711204247 -1.9192998118726148
3.9667231029488548 -0.5148862248417687
2.1766509417274587 -3.355918753169833
3.7014790831930995 1.5162627070148404
3.606398494298861 -1.7302860747052518
-2.2822737428653737 3.285000237842804
-1.0237241067594678 -3.8667801790688245
2.3985244899082505 3.2011061012266318
-2.9284496342401067 2.7247353522349624
-2.965226623718904 -2.684665914036342
0.4343098618235253 3.9763519642912435
-3.9939809237349673 0.21935446391896438
3.7451695746616114 1.404886065497471
1.4885272175934237 -3.712719585759687
3.258495756369571 -2.3199580611988435
3.3094367474609787 -2.2466927726226604
-1.570284993872144 3.6788863855819143
-3.6729335950432347 1.5841587061916433
-2.692254548141368 -2.9583382916786443
3.5881324089341877 -1.7678534486648327
-3.9783542987056593 0.4155683746030257
-0.8738663048356178 3.9033777272092105
-2.191962662439138 3.3459377887929604
-1.6317610992748555 3.65203446244601
-2.921805723043508 -2.7318585828681177
2.5406221888049174 3.0895370031368956
2.529451212473896 3.098689491335706
-0.024295506315186777 -3.9999262153660897
2.6255466556634457 -3.0176985864950954
-1.1341294539445175 -3.835850672496977
-2.915022977234138 -2.7390949312130495
-0.29874813979459725 -3.988828092180618
-2.897594913474533 2.757524925980999
-1.739604908273915 3.601912653453621
-3.9197038090608958 0.7974472078034407
0.9275108228844919 3.8909797832206907
-1.3179196929239594 -3.77665032575207
-3.6937926852141847 1.5348926993956884
-0.5908860882569333 -3.9561159779137443
-3.4088176619371837 2.0928359103534877
-3.8069667392502327 -1.2276010126431356
-3.9512498840916455 0.6225948549946103
0.7563534421360547 3.927840306143943
-0.13271537064290984 3.9977977225461414
0.41792761766560993 -3.978107151195446
-1.0316133432077987 -3.8646828990378537
-3.7216582308816104 1.466035474506385
-2.357972283548779 3.231093732780861
-3.7812420609311532 1.3046871182950817
0.09668994527088888 3.9988312110519884
3.987524107501356 0.31567624569408687
-2.486977244629943 3.132881131593227
-3.1065337352410207 2.519811134154596
1.7466608937182726 -3.5984963140672086
-1.3422895009494804 -3.768057708639929
3.187313518334255 -2.4168228184630567
0.4077305308799924 -3.9791652157441666
-3.7357207752928963 -1.4298217682791947
-3.9187380086033277 0.8021797927694431
-2.5901675284636902 -3.048119448855687
0.8317081903676626 -3.912577345698785
1.7714307142943815 3.5863676923113306
1.3059647714358178 -3.780800975424201
-2.6631573876708377 2.984559050931015
-3.1923580533909584 2.4101556088663423
0.4372908395875185 -3.9760252415713917
-3.9034591234723695 -0.8735026453195897
-0.18290092875185887 3.9958162182790273
2.403285025078835 3.1975335945431165
1.3098025106107003 -3.779473162121661
-3.0641560422735776 -2.5711763355706125
-3.758952039226925 1.3675816490402837
-3.5418579125313787 -1.8588282673337155
3.436216037639321 2.047539826882575
-0.771094056754716 -3.9249731152757663
-3.9581122122563195 -0.5773627241062461
3.0817839277911427 -2.550021141561026
0.5740341478866624 -3.958596316506652
