1000 2
3.5290794189860657 -0.15148828796816494
-1.881097325217568 0.8850285882097038
2.3590336351825805 5.566019275436761
-0.032217260483722754 -1.7557724524989777
3.941766793748143 2.7842994113086834
3.4378441200193657 -0.3312051424052962
3.871802594075496 3.1568154453104844
3.8238762812568003 3.350372951384757
0.9331984219369599 5.9990082213064975
2.1710142364456195 5.682686376496057
-1.9092235022096888 2.976541392822004
3.868290561326862 3.172203437636042
3.972587282077358 1.4604942995964687
1.8303602865225248 5.843725460092355
3.9996738959206746 1.9410232719029263
-0.5572196418501205 -1.4189191240731645
2.961149435079249 -1.0269582512375077
-1.2071256201257112 4.709193072807947
-0.2750416703520293 5.620747311166186
-1.8453875718436832 3.2675572770735988
-1.9805786370007752 1.5455875810488138
-1.8197414907558196 0.6343529492515123
2.873645583142728 -1.1239440110987182
-1.6381083351314691 0.09543966596668252
3.4678780199302355 -0.27433138550709346
1.558082809733181 5.930178073993384
-1.9279878044817362 2.871154959356291
-0.7085730263751371 -1.2878978663627225
-1.606458968507634 3.980514700996741
-1.9385192244265115 1.194348001594498
2.329775647346099 -1.5855752311418936
-1.8559016746153247 3.2247997568251323
0.51565689668536 -1.9475250774285384
0.19407753350528534 5.852961684038011
2.8254227788119612 -1.1742944422958117
-0.5572501876638709 -1.4188943899767987
-1.7697906681356699 0.4633313638719436
1.7659024845139424 -1.8674466763176785
-0.069035833725694 -1.7374173819091019
3.1732454229352367 -0.7574559391474658
-1.0719834185312194 -0.8927141313864717
-1.2901164214620802 4.583835831093752
1.9380530941741905 5.799428352911405
-1.7082559844083192 0.27935437289550413
3.851815264415787 0.7583883608469963
3.989397445066518 1.6640028692456597
3.6398581639854495 0.09975492853538759
-1.9983713918257124 1.8682156867798123
1.1030972069524279 -1.997637294629274
2.5627348649703157 5.41444246089557
3.897354294232145 0.9626203149219983
3.681427146239673 3.79379099954827
3.921150567110208 2.9110476160471865
0.2715241586145267 -1.8802801613669833
2.896659930442155 5.099155758376115
-1.3659439092816918 -0.459380018760958
-1.9036987750022227 3.0053487390955684
-0.6506839441246008 -1.3400578881501777
2.4306023251345463 -1.5159008928819695
2.343030775531614 5.576781504456505
1.080477578839915 5.998560487487481
0.29166268200760603 5.886902964558308
-1.9655512973515457 1.3955638031626276
-1.326237644084883 -0.5258198838722232
-0.5757490508792527 -1.403792637280593
0.9620482071472238 -1.9996799119527906
-1.4582947343193777 -0.29270805399015476
3.140387877069283 -0.8027731459934375
-1.910829785174836 1.0320055447918057
1.3340386391232828 -1.9751267065921958
-1.851870675223935 3.241385356444988
2.812988774218355 -1.1869377024370316
2.6259131292911952 5.361588644541219
0.9779876656976784 -1.9998923223592602
-0.49706768509417243 5.466355972294382
2.436345845478087 -1.5117354018719298
1.5556676280559836 5.9307864041307194
-1.9312126936346905 1.148343162822686
2.993177729717658 4.9895350921379995
-1.166272619620842 -0.7671928616017447
-1.1064812684033196 -0.8480751131998505
2.101605026996365 -1.7205653965782823
-0.6715499060832966 5.3215581113481925
-1.4535414428784983 4.301742098914626
1.0351690790149557 5.99972513186288
0.3209384664425239 -1.8961805647508618
-1.4444663656099177 4.318844228356241
-1.771917318647228 0.4701637684838065
2.3959745202605363 -1.540559940344243
2.426968385062845 -1.518525253702784
-1.7111898612059706 0.2875880368483761
3.9989949741454445 2.103530092676171
3.9522136910537036 1.2889015416131735
-1.366590374889296 -0.4582740096729445
2.3076790423661455 5.599993956082917
2.117696308574309 5.712023697673246
3.726291422540051 3.669243383830355
3.5676762720506288 -0.06861781527803323
-1.570429135145663 4.062530941966127
3.441793243066982 4.323845761993082
3.925815385850321 2.884035522585968
1.7576046523123385 -1.8703511619707527
0.7266658443744611 5.983362831549014
-0.324762105752191 5.588873017328982
-0.9389845410070892 -1.0522382169259266
0.5207238663913998 5.94862437655404
0.005531863592658226 5.77383580298066
3.88026647339995 3.118781116281437
-1.419336180651242 -0.36523428766392696
-0.20516597414458704 5.663046691791867
-1.9335767760783718 2.8370607824510454
-1.7572100106353403 0.42362274269851063
-0.647318484911187 5.343010435525949
-1.99989349724052 1.9662952633979751
3.995587825843009 2.216860744508359
2.1429834575755597 -1.698309239088375
-1.7216095458040725 0.31722901528426783
-1.5726851884663948 -0.057524260333009725
0.10288164834327629 -1.8169629959189568
-1.3827454010965003 -0.43037239160439134
0.719931790979851 -1.9825311433913755
1.9029163214583382 -1.8145317735544233
-1.9661501419425118 2.5991895792810187
1.91535807495556 -1.809256467457752
-1.9721156312647965 1.4558943331521597
3.3082950059522336 -0.5549165380570251
3.1626819622729734 -0.7721814050179554
3.434642487151966 4.337145822390869
-1.999885327469248 2.0349735655024066
-1.9187632257489842 1.0754496761340213
2.527946077907082 -1.4423198335511063
1.0027797479066185 -1.9999982828888703
-1.929366024106737 2.8628785899499043
0.46713062813397577 5.936394341701746
1.1318802343693393 5.996133154000572
-0.1841461477980817 5.6752137717187345
-1.5935081537314204 4.0105125743467696
-1.9023688918876704 0.9878473409804145
-1.9996096665968373 2.0645235262356554
3.8355163032354036 0.6937093778616368
2.31854947508065 -1.5929380813576928
3.0871409188338905 -0.8732769630755821
-0.6134097702661307 -1.3722814995745778
3.7698531270145925 0.4635315212301605
3.983504130753414 1.5811060027435897
3.241975342423781 4.657834227407729
-1.002631470574605 -0.978282038152329
-1.95539449639542 2.6872080334230493
3.866021833050156 3.1820275255150543
-1.1839754342366615 -0.7423432973039801
-1.230834855212506 4.674447265434361
-0.8393342196852793 5.159985830712184
-1.4988815768159744 -0.21332966467555714
0.9114662771485077 5.998257793904864
-0.43952843342915004 5.509417904084573
3.755106575339323 0.4170981592744003
1.8846027035772437 5.8221525190392285
3.9231411594805126 2.899625365731931
2.300102793414205 5.6048689855204525
-1.8672484682552715 0.8232729222021129
2.286398759876798 -1.6135985709753982
0.3671998304062173 5.910001749442537
0.3878483927549985 5.915841424492709
2.442643994220262 5.507142757526628
2.0599472568303554 -1.7420165241603933
2.750921367204548 -1.2480488134992487
-1.9652481451688546 1.392925503275233
3.998800081878869 1.8868780879991283
2.8489020651812718 5.150043711405621
1.9693080689479099 -1.7854556437847977
3.2051778259782377 -0.7120113915899369
-1.5267612421432473 -0.15632511471725463
-0.6810399949664272 -1.3130327255514262
3.6674444214560173 3.830477901626627
2.2146292474877223 5.657485667297178
3.985382206422658 2.394389726201509
1.8334416031420868 -1.8425396912058503
3.936940893579823 2.8158193564956506
1.722269508935585 -1.88234219259158
0.3658116117804189 5.9096018753258015
-1.9761696670388922 2.5031705926711973
3.7200097784229196 0.3126368735496332
-1.8849248977154938 0.9027644154178514
0.16533724681178052 -1.8420684448620785
0.6319473071550037 5.969783025761718
3.855611413256276 3.2260023247978635
3.9825000362627097 1.5685815978932642
3.7845375029368897 0.5114655113237554
3.6936742350140723 0.23913197384100626
-1.8493528481383898 3.2516217723369216
-1.9751845398025423 2.5134232892954858
-1.5236168698794739 -0.1628614355615836
-1.3205344037084936 4.5351292165025665
-1.5485605315186142 4.110224513462673
2.885220983607237 5.111538909847798
-1.6952385090363546 3.756607528116492
0.39342228586042816 5.917383134856842
3.7206226536788525 3.6856056616945665
-1.349498918407115 4.487249201616132
-0.8569782307144598 5.141586817914396
1.3615695313406107 5.970842054332474
3.7770642298458426 3.5131508044464144
0.7068683385114463 -1.9808595005005216
2.2607808893883865 5.629614377791675
-1.9986226889217602 1.8788061645599106
3.9196311900890093 1.0803346368409055
1.8954786693719141 -1.8176474321119471
-1.6011309423907405 3.9929287529384516
-1.460555966350543 4.28839170557519
-1.6509919851473986 0.1275131237680469
-1.7639298857539947 0.4446841911912205
0.2973030043139243 -1.8887225968327699
1.7006552759595768 5.8893774844414395
3.1826895302557636 -0.7441627468782608
-1.9997075846408183 1.9441524830219217
0.1300410612802695 -1.828123171115264
-1.8352418005245252 0.6926505643973466
1.6394607833414352 -1.9080748102855187
0.384532277614131 5.91491722238611
-1.8207321090659816 3.362005298657782
-1.773937574301209 0.476687624430133
2.3308192677622652 -1.5848868140329113
3.3665075619642875 4.458415735266504
-1.9244149466598763 2.892235364814875
1.6055747404511163 -1.9176589911669475
3.7315153620738286 3.653991173833595
0.5838164649812544 -1.9613221732546262
3.3568151662977512 4.47491316010487
3.967969764185451 1.417048919329385
0.6093835942337219 -1.9659481306735853
-1.9989403687051652 1.8936950721282018
0.5334371037065524 5.951330366975382
-1.3890780133818241 4.4192951208429125
3.3269496079041496 4.5246537354742244
2.3107166585432806 -1.598029544938825
2.0056474789513032 5.7685654560568125
-0.08362343936992733 5.72994137377772
-0.5483142579369444 -1.4261018882609418
1.7307992819066824 -1.879503383925932
3.0810906087135423 4.881068282834391
3.6042137703876587 0.0142415328149883
0.7101518482253191 5.981286905045833
-1.8053673354489472 3.4172989103352416
3.5852449001543 4.029344198931133
1.7689158581065971 -1.8663835305882297
3.7089852209127807 3.7186036051922473
-1.0078012126367875 -0.9720877183209478
-1.8320047025831632 3.319763860727854
1.4031782760608822 5.963712575679541
2.4562478734155264 5.497133335537744
-1.9192339056895467 2.921904698735834
-1.2176871889854972 -0.6938163038285725
1.9676150045027598 -1.7862256088349455
2.145505759637465 5.696921615407403
3.0110097819294612 4.968228699479883
0.20869386138603296 5.858343823166009
-1.9093864912382763 1.0243222347969994
0.7201107779289857 -1.9825535132611103
-0.9935064729847911 -0.9891453827823953
-1.566429733177067 4.0713660225570685
-1.414092034172488 4.37474102468082
-0.5592744024320102 -1.4172538260799863
3.267617185713025 4.618875856905508
-1.3710631353275442 4.45059978446664
3.273396472803711 -0.609953078315955
-0.46552936346504614 5.490233659117774
2.8771454274698396 5.120206558441376
3.710978564457758 0.2869934303554387
1.403994207564266 5.963564878070587
-1.2195222631180682 -0.6911281148819346
3.745131902836626 3.6134164364429022
0.9443607645777858 5.999312002050493
-1.1513484005183425 -0.7878147745221269
-0.2104210134978013 5.659965019889418
3.6400806277288202 3.8996955447724875
0.5704477497237785 -1.9587842947119531
-0.5224752858219415 5.446626435370976
-1.9669366620412543 2.592226448335058
3.180127346155956 4.7477812478169
2.010390686861275 -1.7663092833179688
-1.4409000651511628 -0.3255133232882583
-1.999990268371242 2.010188418509248
3.998221601929626 1.8622903168252876
3.4598776471749706 4.28968778499658
2.22430437421869 -1.6517463217891262
0.9555863228502366 -1.999561626041209
-0.6600438813484246 5.33180079756616
-0.1993000493785133 -1.6664677258905187
-1.9990624300699196 2.0999959158553345
-1.1893781732155708 4.734673887410343
-0.30745267565417356 5.600140120958193
2.6735104650400148 5.319802597451723
3.9935261764701027 1.7373603032854894
3.9479974139717924 2.741543432117543
0.5994716270247373 5.9641901563184465
-0.9047959987514305 5.090272106865683
-0.431588662912501 5.5151870884859715
3.171629516520885 4.759718260330296
1.274795417926558 -1.9831840927772721
3.9319283194783203 1.1527337247190204
-0.25301326519111855 -1.6343931805290026
2.938680078184564 -1.0525820194860303
-1.9934680742756328 1.7361856265644802
0.6838768479358798 5.97773048698298
-0.714635422231898 -1.2822825036049776
-1.8672425396703707 3.176752758855849
0.4149325893313528 5.923195098096785
-1.4128748409919467 4.376939208948475
3.01538650943336 -0.9629466467147623
3.99775106016338 1.8451461977544
0.8523453865078696 -1.995152199045347
2.6839970543192173 -1.3103618925480238
0.9829267657771409 5.999935222736193
1.3083131341355236 5.978820151489809
3.9927266737395115 1.7216331555884852
1.5205813823084207 -1.9393163590526954
3.4627642277165274 -0.2841647571164847
-1.3683188880604287 4.455312840698703
0.44122423153409374 5.930003028684236
0.3934011611537602 -1.9173773196328732
3.9514199907679934 2.716931781158891
-1.7080199046219402 3.7213060654547583
-1.2198426658106367 4.690658255370641
0.5860713254609643 5.961742165012057
0.005471221994308051 -1.773807393005049
3.9859783104556326 2.386283786270088
3.682599214025405 0.20932714972014366
-1.5175856060352082 -0.17532126517618085
3.8086121269062945 3.405827819768616
-1.859961737239793 0.7921597886958391
3.9527135198313976 1.292600543706579
0.6571254536857021 5.973789022077267
2.36570833221725 -1.5614830247617988
2.066043791227223 -1.7389364227897488
2.7041295978141786 -1.2919949544591245
3.6185726595286756 3.951900373946225
-0.08111593528624272 5.7312347278901665
1.5867153039840785 5.922757567963496
3.9365231534660925 1.1815116707191327
2.5869668971512576 -1.3945148086866679
-0.195119852585379 -1.668893514812528
-0.24444545596250666 -1.6396228149226353
-1.9997301728211356 2.053647247277084
3.5346570415226397 -0.13978760393941814
-1.4308113794621304 4.344224500996216
-1.23905044129274 4.6622139896782775
3.268717041691521 -0.6171818549266472
-1.998867012413684 1.890077668979731
-0.4172310152580725 5.525514934654529
1.2917152635738276 -1.98104446484935
-1.2765585401460555 -0.6050485048290577
3.977155249320408 1.5073037962053404
1.662271900366889 5.9013150899515185
2.1315128066082316 5.704574653882608
0.716435471583488 5.982091278204662
-1.836020198441049 0.6956555096929058
-0.7971872933630828 5.202809275918537
2.1281553046410644 5.706394620378912
-1.9906697465032268 2.3152268103384235
-1.357386351733283 -0.4739458679649191
-0.4030160842544568 -1.5356082908535722
-1.9896446695532592 1.6679364189080426
-0.8625754852322975 -1.135690620173325
3.7262623646718285 3.6693277523729755
-0.9624008016624808 -1.0255161083717277
3.998520443718749 1.8743893238740004
1.4627111532415162 5.952135487705835
3.362656829727947 4.4649913968531
-1.6431455224589868 3.89210370733155
-1.9997445574788122 2.0521977415645294
-1.7076512326783213 0.2776631883523579
3.999431362019004 1.9221225516959586
1.9628661349566283 5.788377267650491
0.8285587467540088 5.993463080070383
2.8967330265594153 -1.099076228228523
-1.0456071022400266 4.925897114699136
-1.995130681140512 1.7721903215761137
1.124963784054205 -1.9965282828808313
-1.9709483474851681 2.5553231957060243
3.403055365044753 -0.3945586139429187
-1.9710002796760127 1.4451709561955246
3.7394941260475 3.6303629770909547
-1.0420622756443345 -0.9302959008386189
2.860042448594363 -1.1383625141293985
3.1973243490250227 -0.7233200995783755
2.9836823470009586 5.000741936757721
0.5063144843467693 -1.9454670725635297
-1.607771751805231 3.9774400917400143
-0.2554719995797641 -1.6328843901894419
3.8388998155143934 0.7068399858590386
-1.9999990825888987 2.003128213055415
-0.10375074207555657 5.719434676128477
3.9782404582160407 2.480895041530977
-1.0064556603598547 -0.9737027223491066
-0.8818174328249822 -1.1151994833977756
3.0914785039296993 -0.8676642194882773
-1.9960387221865181 2.205489010937213
-1.8720563510040797 0.8443050639687693
2.472854932489639 5.484747297795782
1.662071512517781 5.901375555094478
-1.8771237928441393 3.1330656002585022
1.938086314490521 -1.7994137715215643
3.5202705329570727 -0.16978706203914973
-1.4402249957960658 -0.3267724789280644
0.7330104499585458 -1.9841277489934788
-0.4181901774998389 -1.5248291672881522
1.3190001986151603 5.977322130564955
-1.9905959039496994 1.6835301965487124
1.0640210383055508 5.9990890755335835
3.9992708938524446 2.0881826920741
3.7592295346070994 3.5700827297959057
3.4841246939268933 -0.24266686683416427
3.843536137517753 0.7250779651685046
3.934598949060499 1.1693333245874649
-0.3987332054231967 -1.5386238178884173
-0.90811912732722 5.086625311725271
3.5833436535455863 -0.03364394029185025
3.4752312421393214 4.260080745042307
3.8843938309556756 3.0997148947248627
3.9948428708785304 1.7655600384915677
2.6270940768413853 -1.36057266683527
3.999803243702499 1.9541888112266455
3.0799611173257913 -0.8825179580553746
-0.4771903861593161 5.481483352579852
2.6384463511116945 -1.3507527657140033
-1.5375863318991034 -0.133606485912257
2.6536396020994175 5.337457732764328
-0.1934021807585551 -1.6698873697426797
3.2688629771152344 4.61695694052829
-0.8641982178663692 -1.1339758219315117
2.1565474857975397 -1.6908048897756442
3.999922277490525 1.9712071300164684
-1.7877278313955833 3.4778804871616975
3.2041184370665174 4.713541978999552
-0.73725081055496 5.261072658218426
3.9800261564287966 2.4608091569310373
1.306131584617154 5.9791196017655945
1.5672769175800325 5.927837267228965
-1.8637086183437468 0.8080470186575706
-1.995102360351586 1.771529331748462
2.1539898990058735 5.692227828047551
-0.4939684865083094 5.46873224649905
0.644878053270849 -1.9718763330756852
3.733343230272697 0.3513858827501781
-1.0161035879657585 4.962079246472832
-1.1063873457513367 -0.8481986040797826
3.8384360313376944 0.7050313458936237
0.35542097238508297 5.906579720797893
-0.968186961374186 -1.0188268759243102
-1.220826893345368 4.689213981748888
3.8477815501053585 3.257963251807035
1.8646059457798714 -1.8302785645194342
1.019831356435717 -1.999912602890089
3.588515169248428 4.021919536181523
3.642242107252441 0.10565442708526573
2.9136987212723873 -1.0804782324828661
-0.9429787225332431 5.047719346595808
2.762364686893174 -1.2370276380632967
-0.0471855157949328 -1.7483987681875401
0.20858879254672935 -1.858305511944009
3.905723502273614 1.0051055414234888
-0.3185174281818992 -1.592958988931445
3.902464353802044 3.011665886794633
3.952106068247248 2.711892328709928
1.8484819015245404 5.836683397075668
-0.780049650932751 5.219778664639803
3.3861376276992177 4.424448517976069
0.27961113521472714 5.8829633319568675
1.520168664085395 -1.9394132808277407
-1.2611137847544915 -0.6288533883782765
3.7110377484830694 0.28715995360539637
3.238295837915678 -0.6633418412778092
3.9129227043911188 1.0432635860568207
-1.6905049576934248 0.23053902865453058
3.994045693753578 1.7481080170984913
3.533013162936534 4.143245437861938
2.8607062078131005 -1.1376629401035387
0.5768365532775817 -1.9600073394674977
-1.970281973008405 2.5616246288067384
3.1017360043452413 4.854300698334637
3.907535196896929 1.0145601511739613
2.2475848918897237 -1.6377115975180527
-0.5761891709354341 5.403430347275687
-0.6346575472327225 5.354040933500988
-1.9999303050652468 1.9727345639679723
3.5075426460802066 -0.1958465350501366
-1.927735479357187 1.1273387187198063
-0.5977565769803275 -1.385504766754512
2.4249741164626215 -1.519961809745244
1.0594857893612812 -1.999213576217552
2.7098963652250108 -1.2866746234360202
-1.453675705592357 4.3014876471190355
3.5725574808254468 -0.05780811451798229
3.684025227946574 3.786869926620335
1.9803572460788614 5.780393787850542
2.5685677883047524 5.409684271728979
3.9905476157548985 2.3172799896416567
-1.4474224287134634 -0.31329431491793347
-0.10840199803520356 5.7169748776842875
-1.1570610136682071 4.779956125413233
2.533724936583519 5.437748053311614
3.4923963290918265 -0.22629160063878917
-1.3990634363092842 4.401664100322993
-0.9105680548316673 5.083931029018858
-1.8899345194577557 3.07354322854242
-1.4349893513251075 4.336503316756646
3.9904903316458054 1.6817615811084425
2.186771711664674 5.673707882754002
2.459882913062878 -1.4944379627941555
-1.5540721149379122 4.098344588456584
-0.0039659002346437155 5.7693624503452785
-1.1821422545255635 -0.7449364067967736
-1.9726517569082471 2.5388737756144772
-1.5429577837834896 -0.12220669635063874
1.9719517169915965 -1.7842503698794299
0.19412603833382092 -1.852979720316549
3.816904538984669 0.6239839676337291
-1.6758243669289503 0.1913963852497662
-1.9309632238030376 1.146818158536616
-1.0812615359201119 4.880848769712598
2.441417449595926 5.508039208193502
1.3882117584331022 5.966367861152182
3.7193212900546158 0.3106652346990024
-1.9052121843993994 2.997545577787821
3.7330401795466663 3.649507065484057
-0.5536084642180303 -1.4218385545161976
3.7077300935411124 3.722116393295356
3.330515722937186 4.5187991724956085
-1.7444045986293588 3.6156145849645798
0.4008478514056272 -1.9194141745554547
3.9930240658924814 2.2726232760534475
-1.4258120695997425 -0.35341295539873396
3.993343437154946 1.7336833388900832
-1.0749820276867559 -0.8888904705292293
-1.6956755528553078 3.7554148930226567
3.6378039713831227 3.9053096376205225
-0.8085399814410756 -1.1914282794953843
-1.7507334641269026 3.59636554395423
1.0321517738531747 -1.9997702741672763
3.950342835522573 1.2752291974477585
0.3411115681946051 -1.9023334408320993
-0.10449936597430542 -1.7190395774685596
3.6338263212989244 0.0849327674196223
1.7597235412194592 -1.8696127031967
0.8229379256489571 5.99302703818689
2.7954727836152293 -1.2045183332419116
-1.3845437835159276 4.427234711718226
1.3800507972265081 5.967772706645938
-1.9616272129799501 1.3622759198711414
2.8935529221351497 -1.1025315343938615
0.33653027472699915 -1.9009532564110918
-1.9701140190135398 1.4367984942266985
3.9990706776259843 2.0995551938844383
0.7565067696930122 5.986802906656392
3.902103170246806 0.9864937084065801
3.560485677750184 -0.08440264569915934
-1.7811990065957564 3.4995893279077164
3.3998454093137864 -0.4002748033027088
3.7659478172217717 0.45107482576186
1.5015031527871585 5.943713892652635
3.7773239138576917 0.48769675144804747
2.413124862245709 5.528443943774787
3.9130591648506123 1.0440025085296953
-1.4263775699828134 4.35237634475223
-1.094540637477576 -0.8636882257226035
-0.942212868549587 5.048587045608109
1.7159641074578036 5.884417965114157
3.8096780126691767 0.5979637252285854
-0.26187651797143396 5.628937439439273
3.954958188734523 1.3094644875740284
3.791557262413503 3.464973598952967
3.65106441503605 0.12769543440078168
0.2608662651482021 5.876695344578142
-0.053887623407448126 -1.7450579885090285
-1.6057911530267557 3.9820763374950428
3.678989358647876 0.1997451951946394
3.8959019071276 0.9554355342102487
3.5601257031378397 4.085188564511552
2.338011982243727 -1.5801238800099173
3.7015258464354392 3.739352677056755
3.4189541357850572 -0.3659288573763124
1.5972997703652374 5.91991677560671
3.922533750888902 2.9031268889957267
-1.9332481538197879 1.1608943723089649
1.7160344410950845 -1.8843949173677315
1.8524590509425505 -1.8351157749213898
-1.6887635312281684 0.2258394545213187
-0.8625585107657558 5.135708544838963
-1.6506832240196077 0.12673620726888402
-1.0510781847504975 4.919080001199953
2.5891938210174654 5.392662146912535
-1.0023709967081684 4.9785933716860935
3.663143628613836 3.8415771083496315
-0.5120536307974741 5.454772883377347
-1.895941821269401 3.044367723934537
1.67932261156704 5.896099654078847
2.586836697623545 -1.3946230149262564
3.1281704683907186 -0.8192640355540011
2.628306736471447 -1.359528319263274
3.249462053359711 4.6465643877784775
1.915370379851925 5.809251210802982
0.4011638562576163 5.919500030008987
-1.764035120846783 0.4450166984959416
-1.9793750677447668 2.46823395045329
-1.0930262140290243 -0.8656560287925781
-0.7161342711997625 -1.2808896254830122
-1.9022289549736922 3.0128657631030533
3.818558793196268 3.369980586591404
-1.9242663069019743 1.106898969191168
0.7220115074728948 5.9827901773109335
-1.0033796497445122 -0.9773873644864639
-1.9134500883907082 2.9538773109611816
-0.7251736851320887 5.272450867096476
3.5867471742470105 -0.02593805171282737
0.6028903542544852 -1.9648015624729842
-0.5134819198202232 5.4536608540638385
0.9688217520277805 -1.999783975689661
3.7995822957515566 3.437491005151804
3.9915682963612444 1.7003138583820794
1.264372346207997 5.984438008622039
2.3037190662901015 5.60254640711981
-1.657064128201772 0.14287667201921805
-0.9935042672176899 -0.9891479979968612
-0.5821285798481473 -1.3985275653050255
3.894412825757821 0.9481238821664102
-0.9272251157772635 -1.065450005933097
3.701642937130568 3.739029328359176
3.97251605025862 1.4597970242298532
-1.629417634578839 0.07419262393223303
-0.13114541532588553 5.704774109026167
-1.9925513199270837 1.7183016661504071
3.8121994665429906 3.3930201628119274
2.4029927264179154 5.5356247688334115
3.3887312808576144 -0.4199037144673854
3.7434238067338272 3.6185732079807273
1.216093625249157 -1.9896095147551978
-0.6271069418062178 -1.3605615932594803
3.8697659744323976 3.1657659395265103
0.8791491706413418 5.99675314380579
-1.7060518929447555 0.27320044130955345
3.9273581964615736 2.8749084925959014
-0.979112290929931 -1.006101806478899
-0.04661436507639927 5.748682345290758
1.5272788904230048 -1.9377324488343763
3.7964829757909544 3.4481761501888393
3.992367364687702 1.7148487972181063
2.535161029665377 -1.4366083054848624
2.791566695833101 5.208402516831679
0.16735447730362973 -1.8428464990383109
2.0577322282693076 -1.7431306049658355
-1.3367331098981214 -0.5085377318645588
3.221315759644646 4.688496083837151
-0.1119950361989579 5.715066511016728
3.4054366624817765 -0.3903042903599001
-0.9692152634401741 5.017634466114659
3.9970690067284282 2.17677289338645
-1.4230026746376554 -0.3585524896799699
1.8204491571900958 -1.8475072866504818
-1.7322297233209953 3.651892242383478
2.8984815079956507 5.097172320050392
0.5356535563684988 -1.95179450214412
2.7553132931683333 5.243831819952458
3.3611981823910972 -0.4674748742516246
0.726379447606536 -1.9833278757692923
3.98079739887212 1.5481458113708642
1.1531399874521195 -1.9947850770708362
-1.744129085867577 0.3835536589471187
3.365291383433449 -0.46049558565585835
3.946807833151818 1.2500979685021534
3.6443122563439667 0.11079666834035096
2.391432829047189 -1.5437368054388227
3.340764035575081 4.501847754408111
2.3889437503539908 5.545472294719961
-1.9995937429720083 2.065826399610242
0.3555472593755147 5.906616760796503
3.5888853864840664 4.021076701232619
-1.97935714120975 2.468436691081141
3.3825430001617356 -0.43072512359046744
-1.9907513320424326 2.3138477192989977
-1.8904681702160424 0.929013948037356
0.9993929590018874 -1.9999999181113828
0.807617267251625 -1.9917668344598747
-1.5540111639251761 -0.09847647361204226
-1.7620047346926233 3.5613839135191894
-1.9985434785399638 1.875370720005616
3.483868823341969 4.24317064033322
3.35725771068918 -0.47416377267917653
0.2508558807182484 5.873277816824302
3.9344534050161593 1.16841974927083
-1.7005156499723988 3.742139284776891
0.16256613304322487 -1.840996287070165
-1.8513365368475427 3.2435647353123453
3.0582519111612685 -0.9100894435130678
-1.106839676745766 4.847603772840065
1.8811905950083398 -1.8235534688777193
-1.8574056800175 0.7814523910791882
-1.9819314734002997 2.438349810478076
3.955258607875046 2.688246158264059
-1.780363737236823 3.502340389693352
1.9627117577548443 -1.7884470160929071
3.691006968464365 3.7681033130579866
2.4016123320870046 -1.536597956113349
-0.7100352792578932 -1.2865461353675443
3.669824654931532 0.17570162678251555
0.9249281602451859 -1.9987474080713108
2.570837480076439 5.407826185235548
3.231431650400661 4.6735620150204715
-1.6218345739820395 3.944100347969001
-1.98935028541668 1.6632577746063846
1.9508904357402066 -1.7937509738967785
0.2509148994090835 5.873298109322957
3.666856518361056 0.16799984935704315
-1.9440590306607417 2.768856494611674
-0.6459197951502897 -1.3442349805618035
2.1138811455221855 5.714061877938477
-1.758365721620315 3.5727787416840933
1.2596192256293517 -1.9849935971360502
2.0543682228751483 -1.7448174916136154
3.99691929628731 1.818770953808177
1.825500688296461 -1.845585894068868
3.135032088923475 4.810025853346332
3.755500089400282 0.41831636408679196
3.6280227129043543 3.9291894074207954
3.9829752708026356 2.4255371168664475
3.9959850307590403 1.793123996482051
-0.7980787326381795 5.201919666209778
1.9181259514489868 -1.8080720668427817
-0.6464394319895979 -1.3437802152094656
3.856213093925849 3.223508079861822
-1.9816501766364447 1.5582615672618367
-1.9751547557262432 1.4862699723620176
-0.9983063884160543 4.9834421814081615
3.9996514811619863 2.0609698149389613
-1.5810847511918449 4.038736648968857
3.605923728803126 3.9817664486953994
-0.8683052035796783 5.129624944878176
3.8776026641340966 0.8690983676781716
0.4717503822041633 -1.9375011458309
1.4879594791490451 5.946733230679344
3.266654678111028 -0.6203567425311949
-1.960288973752479 1.3513238207213507
3.5790535043069602 -0.043301477477396766
-1.9999992204048471 1.9971163078260594
-1.6618321250514008 3.8449449196448318
2.7056096642356575 5.290632002320372
3.8436302729545933 0.7254512810942331
3.967357436512349 2.5884666991048064
-1.5767023870462422 4.048567980523716
-0.5872108975340855 5.394311991618146
-0.4202414850031566 5.523360548435044
1.666491678631252 5.900037342799065
-0.9369718548945141 -1.0545092446986217
-0.480228443989134 -1.4791886036464197
1.7990548419302246 -1.855503739294226
3.972914160368763 1.4637058931620244
1.1670073867702802 5.993797086653065
3.929242690946869 2.8636226105159546
3.115725365063678 4.835867472103626
-1.9691761968871102 1.428075044800072
3.605630581700664 0.01754842157213643
0.14123996402940486 5.8326158634354925
0.30435618559777144 -1.8909763832594155
3.9435201928511394 1.2274844849856157
3.779118143088278 0.4935679552841501
0.8477430391212748 -1.9948450823227395
3.970245950142968 2.561963218502651
3.299457215597826 -0.5690453094521208
-1.9958080867313281 1.788617639860621
1.698734042568196 -1.8899918852257676
2.5846888742071705 5.396406250262903
3.999608346952299 1.9353675018916858
-1.1665052262699387 -0.766869102487918
-0.3465832320204032 5.574406206908339
2.288198854787936 5.612458371438253
1.601212249660604 -1.9188533086680764
3.6188610889968134 0.04878768327042304
-0.8291214190816154 5.170507098383645
3.9771917342946645 1.5076958893844825
-1.8777089382881376 0.8695792197423429
-0.1255965333144684 5.707777398134407
2.382888472724166 -1.54967778744472
3.3483852347539376 4.4891182871547795
1.247450797901867 -1.9863696885189448
3.313033739813639 -0.5472861091265062
1.7989754436322618 5.855532991653569
-1.9787113956885607 1.5243186478415363
3.9982564955510873 2.1363523988997395
-1.9964765298225298 2.193808181103451
3.374444885961031 -0.44477183067450454
0.7232165500979938 5.982939377307578
3.7686258787368367 3.540395760742417
-1.0689927261916976 4.896517172656644
-1.8135096210194965 3.388309035357268
-1.9964672013591054 2.1940644162431266
3.6050586146432275 0.01621254979354214
3.9487583883831032 1.2638551266493077
3.932470827035872 1.1560780988387367
1.3421559624753563 -1.9738991313805108
3.922608783275875 1.0973048749747392
3.4685476314681214 -0.2730391172947795
0.9928017770753373 5.999988485669367
3.927052095593754 2.876727277681887
1.0960805309358148 -1.9979480362528403
3.571796381249359 -0.05949869774939831
0.13334024743244344 -1.8294533113237033
3.996884891922067 1.8177623306691721
3.4992784998545403 4.212532778982229
2.0925201355008394 5.725324684677441
3.3909783744296425 4.415955265593865
3.3377892791879638 4.506787687189881
3.709604569452653 3.7168669538571586
1.6789129286779172 5.896226604241361
-1.9927541261520383 1.7221583491748471
1.6350112927781137 5.9093644059802575
3.9999445026252123 2.024330362148008
2.7627746247536873 5.236630792063321
-1.97928839513594 2.4692133532405354
3.9726745231677065 2.5386504606632303
-1.8440686056284177 3.2728088039913614
-1.997737425220167 2.155322342583218
0.7842343634879805 5.989641073268636
0.28092714728111656 -1.8833969625648859
2.470616598249853 -1.4864274796102368
3.356350159573995 4.47570018844523
-1.356354369051795 4.475693065682332
3.97072723644318 1.442577859300843
3.1158314996270127 4.835726695869013
-1.9589628177157117 1.3406548118680885
3.68974579298591 3.7715116302761693
2.224393085301923 5.651693445248495
0.2606003454428796 -1.8766051931705654
3.044308833508625 4.927509792977599
1.8416840289917955 5.839344387398601
2.7356348704675186 -1.2626019872126464
0.24402723027023954 5.870918391499387
-1.6409086246001112 0.102351566800988
2.7955825980250992 5.20440894426398
-1.4943206378354668 -0.22245692098455017
3.763006365897283 0.4417697662562676
0.5414502047571911 -1.952997644046357
-1.1371368740183483 4.8071799947708955
-1.2557621934294407 4.637014111686641
2.5386961815936084 -1.4337964893425013
3.9683093949375854 1.4201313008002734
0.8942163682704997 -1.9975125206131468
3.752606563418813 0.4093846853644356
1.9128416552603564 -1.810329845721212
1.6496565078560126 -1.9050841895719781
1.0122447276756381 -1.9999666813377108
2.4040680969152737 5.534865775663208
3.989366382725192 2.3364880842070597
-0.8195119517317677 5.180321788751783
-0.21041791346946281 5.659966842534016
-1.850295526144616 0.7521998638385945
3.9971518708105753 1.8257426511204642
3.952482153156759 1.2908858292322076
2.794656362761751 5.205331264447131
3.960458344636179 1.3526994314175724
2.8983894307654645 5.09727265521221
0.29615758010751214 5.888354315807913
1.9451158785832825 5.796315401028798
3.227862314676698 -0.6788486770230677
-1.9954452150521496 2.220334951567153
-0.47187555029310313 -1.4854828747437883
3.357758387592594 4.473315502446695
2.7072960012352554 5.289076969922272
2.972400809500419 5.013933582305015
3.8608950628621215 3.20390434414488
3.908037371260902 2.982802023558704
0.060092800357332665 -1.7986136549617688
-1.2238292995038371 -0.6847994327466864
3.5544130937171543 -0.09760657115944937
3.493738909103816 4.2236171745740805
0.2788923485396738 -1.882726133932274
3.967158317875576 2.5902489368043997
-1.9410290219079447 1.2107969788927595
3.173667334504382 -0.756864666459141
3.9999879708611896 1.9886725750175163
3.7438275934542196 0.382644057646774
2.6716790607414653 5.321442556180413
-1.551603922674583 4.1036761143998195
3.99901056474575 2.102724075233977
-1.2693434999943607 -0.6162161239412907
-0.22942337169638005 5.6486875992156
1.2051296509255969 -1.9906383396502463
1.8921989279762872 5.819012338385809
3.993624825620563 2.2606330871065166
1.4628843545024655 -1.9520994306782957
1.54433407532038 -1.9336046040795387
-1.9621905592250646 2.63305550514999
-1.4484876625978433 4.311289458714873
-0.18570465053851315 5.674320371126271
0.07553729854072821 -1.8053456467006166
3.9268912402492755 1.1223185414569112
3.953952402362 2.69814383055486
2.447972277439528 5.5032369244626285
1.5789045927833973 -1.9248200462536231
-1.0332466628997397 -0.9411737665412345
2.0936779094637252 5.724720691774782
-1.097386732916378 4.859982561745239
-1.4922584518130408 4.226565989487035
-0.7537298477379157 5.245354045716744
1.5125816442359978 5.941180885187094
3.5475974512632273 4.1122909001333054
0.31249453213990874 5.893547078987083
-0.45482889369785884 -1.4981831195475972
-0.17825017990773429 -1.6785810098877088
2.9142894001678528 -1.0798257071623034
0.23068405625812805 5.866242040754431
0.6589149482253411 5.974062793767915
-0.6150331822090152 -1.370899733599344
0.3584251474998865 -1.9074587840043007
3.9557878248183083 2.6841940396061825
-1.8909625662642053 0.9313889052011239
1.709654437897936 -1.8864758280813887
-1.9454789095204337 2.7591269764322917
0.8293785984858252 5.993525501741335
-1.5265893474364747 4.156683160955175
0.9029802872243382 5.9979077139774954
3.9960083003907996 1.7937239649210805
0.4377413555479863 5.929119826059772
-0.6826614791148287 -1.3115690397830981
3.3860106186150927 4.424670727833103
1.2955991586361606 -1.9805351147611283
-1.8989838297205393 0.9707454650033063
2.547417940058205 -1.4268217134277053
3.956151142290692 2.681397810300024
2.1003019270209053 5.72125084571043
3.9304368385139394 2.856390290546888
-0.8796259136970694 5.117550726539726
-1.0485522803942722 4.922231583945219
-0.6935376713468167 5.301697921636806
2.725976367106095 -1.2716983235530739
-1.4086330164289205 -0.38457524460615033
2.6623725301072407 -1.3297360779350003
-0.4339401768155984 5.513482746807485
-1.8896244841782877 3.0750258625828417
3.9276103486850094 2.8734072704299445
-0.8733241788992876 -1.1242866622642569
0.5000347134903179 -1.9440610119881465
-1.6769841209954572 0.1944500297689873
-0.7911522587500219 -1.208813857964672
-1.9998295398840602 1.9573597657086417
3.9509214642463695 2.720570776044239
3.538114722360493 4.132488856247832
2.2997673227153728 -1.605084041381637
3.7419766339548017 0.3770730754612821
1.3545973093865484 -1.9719596614659332
3.881048970809179 3.1151935180740766
2.2728569032029613 -1.622113638064829
3.3419630600311407 4.499852093562364
1.2933732458604386 5.980827862222365
0.29395589932504596 5.8876446403450675
3.860873170643944 0.7960031735075663
1.0928092172924975 -1.9980854193944277
3.962551169888626 2.6300484154821824
-1.1549281111090415 4.782895322326338
0.5364343820840364 5.951957471180567
-1.85498986113695 0.7714269214118772
1.145631468609865 5.995284214693459
3.126134211198239 4.8219940360508495
1.672757500700956 5.898124299996512
-0.3969593093718833 5.539869347986789
0.4923760428009323 -1.94232146343075
3.892409723687807 0.9383735829157853
-1.1581443850541073 4.77846090513257
3.506783596230987 4.197386731417214
-1.8113610176014445 3.396025614990066
3.074315239821337 -0.8897416373079134
3.5054117602056873 4.200166422724745
2.1842509690324645 5.675153727359664
-1.5798324674751645 -0.04155254201241254
-0.35154463122936463 -1.5710756822734222
0.3447317592731899 5.903416972105859
3.914348935685444 1.0510166552740126
3.763655789945645 3.5561814659679225
-1.9109737390875847 2.967224565759571
3.8079947650809522 3.4080185600279043
2.894658074500076 5.101331837411982
-1.2306730100260772 4.6746872456307695
0.8923450094804619 -1.9974237043411933
-0.12173835155329726 -1.7098554798217598
1.6801312990662176 5.895848825730166
3.3625493228594525 4.46517457468142
3.2283351078433924 -0.6781494928493124
2.4002158970775485 5.5375812054305795
-1.5672647070315748 4.0695257316185405
3.4082554933979012 -0.38525301840522896
3.405957869322025 -0.38937155142329694
-1.115016829468758 4.836806909518415
-1.4444088992551336 4.318951921591516
2.441473415441592 5.507998325750304
2.2684580880081797 -1.6248559398725861
0.9472267241371263 -1.999381059081729
0.27692106720198983 5.882074326827219
-1.60728890042226 0.02142830877765345
-1.9987990946754643 1.8868315727295333
3.8490563627112326 3.2528210599156817
-0.6225137366833466 -1.364507340332831
3.9968343794061507 2.1837084763512395
