1000 3
-0.1952961650537929 2.333572656442396 0.8192457608056184
-0.86109194646755 1.1875193558151802 2.702027774984168
-1.0940627253891475 -0.07716439864350506 3.274471736303092
1.4230698905813288 -0.3529600794258472 -4.304505679686572
-1.059986242009651 0.4779156026065153 3.227750286289605
-0.7478470934191146 -1.3613969628343392 2.10740158397391
0.9915900026455841 -1.8335472712761525 -3.1581247350643675
-1.1206981550298671 -1.8832625328868637 3.173768211800915
-0.6020556498313023 2.589575290319517 2.065124478525859
-1.337367745365548 -1.4217314879311798 3.8699300873035263
-1.0124960181112346 1.4680394234233554 3.184291996676039
0.06230268090377799 -1.8014633650105012 -0.3670543792123841
0.9081892246220139 1.3359198023181136 -2.5909756936342303
-1.0309735050727382 0.6431748158207299 3.1572379968002875
1.1854939053100397 -0.3112786388398119 -3.587609579814101
0.5806768005414704 -1.4396271069236481 -1.8859931123167761
0.8803196772419585 -0.829748154909837 -2.723933847216859
1.3067916298616054 -1.0461997566249708 -4.024994865247313
0.05937905131737129 2.381140306088415 0.05997687665672763
-1.089061387454011 -0.19637830593157324 3.2475463317688753
0.3487460214071418 1.9246840682303752 -0.8537696573983877
0.8155103907945218 1.4958707378231586 -2.2969440986012497
-0.5222411612597461 2.143490508785113 1.7810725346577494
0.2835883310677383 -2.5277419003765838 -1.1035391832408732
-1.1234432315509573 -1.1637208666749115 3.253957607985381
-0.05576452225676355 -2.174652338881471 -0.05017166711785642
-1.1904325795481605 1.8099752133660678 3.7522952599810884
0.8913642928936197 -0.79245660481798 -2.753338539162657
0.6441517293345503 2.1694040968470403 -1.7155147783189468
-0.7999682831752835 1.315337042337763 2.5314385537596267
0.6850201105090249 1.6684232512186645 -1.8882180064052083
-1.1425201655688353 -1.845711860009041 3.242989310705602
0.5902032464025263 -2.331539432953453 -2.003763682502924
1.4309471147186645 0.23716945598285907 -4.269124398557707
1.4237627305514315 0.3425727574642288 -4.237030915907871
0.7914468710604063 2.0332114308516434 -2.1710194700960543
1.317568079203835 -1.0037335109507584 -4.05307758870658
1.1989606773526957 -0.0017890658986754173 -3.597060938647955
0.8924722253995625 1.365773719103715 -2.540839304288316
1.43624534453506 0.10424148641184922 -4.298311884963995
-1.529072315690983 -0.6439256300511995 4.522824384067829
0.3524133045314251 -2.49471184363666 -1.3067110979579415
-1.277542097192311 -1.5724818121356903 3.675378110363364
1.1100054917355677 -1.6045237514065356 -3.4904688503473564
-0.9833936664367836 -2.08775913504139 2.741405085806212
1.0337041007157355 -1.7580916227532162 -3.276921464422528
0.5187021947147404 -1.515007984770255 -1.7076073826212468
0.9517710538269263 -0.5346435671210672 -2.9087775181928857
-0.6863731860839809 -1.8942750262560846 1.8696920556263343
-0.08664823292785993 -1.8133742510520912 0.07860727367837067
0.7823799433437995 -1.6025992737233283 -2.507399757403731
-1.093656932826014 0.09296806914100655 3.2902676053921427
1.1896000084108624 -1.4146774573693728 -3.710267770969524
0.37724885390675156 -2.4813029076421507 -1.3798768524844698
0.8385363086654162 -2.064469195778089 -2.722055845574057
-1.4624506056847513 -1.0006948821806256 4.287282328836191
-1.0780130612790981 -1.2818579588855636 3.105853387948738
0.05687518914413866 2.381073289911395 0.06748176155872354
-1.416873104375125 1.198088544743898 4.370428167599765
-0.48694784471880453 2.1717816054743815 1.6780216947038518
0.7795524588944863 -1.0999465140250644 -2.4486520280859656
0.48132538666397523 1.850507900459629 -1.2589253699459628
0.3249955072320454 -1.687558233003264 -1.1437423449964625
0.4641031971188966 2.2857307395846767 -1.1637365173982221
-1.0886861282787814 0.2033247088064486 3.286390855716989
-0.1507943498936742 -2.1706077625450084 0.23532227342652176
-0.1067199421924366 -2.6073294235886353 0.059426884218446274
1.1818907431767545 0.3480404934202367 -3.5108681801882398
1.4040195643323594 -0.5365352221078799 -4.265712215207866
0.4472380594148361 -2.4391194651502306 -1.5856261247595311
-0.8888968885989663 -2.2020321266177976 2.446487453135119
1.0959184212073165 -0.8492083708185953 -3.3726761007038095
-1.0706616560820723 -1.2994804047796027 3.0820369277682564
-1.1680086811713117 -1.0284331243237 3.4011827310815654
0.5498456919227631 -1.478543261834627 -1.797391401951752
0.5178705337253914 -1.5159444215194082 -1.705206043328115
0.933766690798405 -0.6243222449240455 -2.8637322968876195
-0.6003319343893707 1.6210644981519466 1.9631022529833069
-1.0677885433232484 2.0381793184260966 3.4071835618123547
-0.43256807171204004 1.7902817661313104 1.476732391749251
0.4351642802279721 2.2998620419194817 -1.075506636491968
0.10246678201124007 -2.586890663106532 -0.5660894123443734
1.0337332340168062 1.702482895799863 -2.9309514124704323
-1.0909231443084089 -1.249970208870556 3.147772412038171
1.4322927456846883 -0.21223897642464565 -4.318102134696529
1.194641841818358 -0.1764006778608161 -3.6015655932411557
1.3537037086521702 -0.8433293827209624 -4.145444064228607
-1.311093543040193 0.11694357310156946 3.9449749864307364
0.27378731963906056 -2.09096687018513 -1.0304586459356946
-0.9784699040289174 1.5390284333946862 3.0893125554262206
0.9498846665779402 -0.5448018972737237 -2.904134189461193
-1.1956153275271426 -0.9313086912622363 3.4937151134552042
0.14291628678525625 -1.7795385429720332 -0.6067027146529721
-1.1028251510104263 -1.9128814271118664 3.117187310320092
1.1280597747497254 1.5222297912972242 -3.231956345119454
-1.0944442849717189 -0.05877426376781996 3.277455428538375
0.9612536488406379 -0.48006193623900983 -2.9317671401458147
0.6859098538502914 -2.241848662375111 -2.281914427788385
0.13822176979720965 -2.1441032479477915 -0.6290756341864081
-0.7103553752449493 1.470086590321368 2.278074784766985
-0.994819989876397 0.7991428099077188 3.064374250619963
-1.150954690681028 -1.830770416353358 3.269787030407748
0.8024783849717961 1.5155729358152705 -2.2558778613338615
-0.585781184139786 2.6023727533831984 2.0175808277576777
0.18900688154360204 2.373798564559358 -0.32964078817487036
-1.0496397951259016 1.3837473363358632 3.2872941190112908
1.017909476130178 1.0850826951918808 -2.945220158871346
0.8404990896024825 -0.9492899182476662 -2.616426260632214
1.1327429745436617 -0.6850353035368788 -3.466732453984673
1.134140956802531 0.6692307704695268 -3.33549979336064
-1.0507352114403967 0.5365833904910005 3.20586397337029
-1.3916373145957115 1.2862009052439465 4.303532034311529
-1.1873846612366745 -0.9615709081308554 3.4659968928969382
-0.8483824171301367 2.3477753001370334 2.7799247814041137
-0.01720212470431943 2.848563318879508 0.3364627060009091
0.4643121775169909 1.8618078063017642 -1.206755751920796
-0.9530438023644335 2.213290955011455 3.080460502594446
-0.7195355558317584 1.4557090262571664 2.304177570120992
-1.3049685653137513 0.24895639423738702 3.9398013353649928
1.0434193783141796 1.0124256855350156 -3.0290155663890372
0.34020093295685205 -2.501012495212593 -1.2707040483918155
1.082173314788 1.6146332339338474 -3.0850566209706147
-1.297212563252551 -1.525402919683291 3.739097397789324
-1.5700281076827454 0.1945281787958073 4.729537140927817
1.4198441217619382 -0.39029781502991284 -4.2985621467888055
-0.07830375331444367 -1.8136782694615443 0.053543432997176565
0.09929952692978958 2.381142224626891 -0.05978435832667961
0.9073615572822868 -0.7343159373259599 -2.7955162655794563
-1.555203100961187 -0.4191401875989072 4.623695284123671
0.3769001349244358 2.3247275564691656 -0.8982276491263907
1.304490112716013 -1.0550105160298242 -4.018971389751021
0.9293185453738613 -0.6443635378274006 -2.852391989904324
-1.0557365452821967 -1.3341394760303191 3.033795688243558
1.3950513274582292 0.5978147272682904 -4.125372509647859
1.244070560241457 1.2344088780160518 -3.608770792922766
0.8647568720126396 -1.4615031591377705 -2.7404209319516957
-0.9526723947542112 -1.5398698538179918 2.7040301988808344
-0.8267286276436532 1.2619906488540664 2.606384947816366
-0.1409281200185591 -1.808571872527405 0.24192717280293677
-0.04664783355446337 1.97658943827255 0.33760244449064514
-0.019005319589498394 2.8483486177092763 0.34185082053942284
1.0916179508231145 -0.8660916455254679 -3.36146301702189
0.5429545512118416 1.804865399694185 -1.4483771136661063
-0.5126333714517346 2.1513964068992197 1.7530397550451258
-0.9817774447302965 -0.8321631291654338 2.862116021274346
-1.092683830604718 0.1226650849938657 3.2903180003135404
-1.0911635481690736 -0.15776450871870262 3.2577141936353504
-0.6152218391270996 -1.9592541974005993 1.6497400976412389
0.3192686431771799 -1.6914067190582145 -1.1269466014373613
-1.27050985969494 0.5755117933643548 3.869080758421256
0.7544923643629279 2.0712717766419555 -2.056349915424588
-0.6987701399593083 1.4878025542052968 2.2450906752984543
-1.3005997409133834 -0.3088114930139447 3.870918073438756
-1.5139679693789703 -0.7419112398980521 4.467712784147106
-1.0743379032352065 -0.3650621072063781 3.1865074989849815
0.08713853638332471 -1.7958844666462819 -0.44100405581460234
-0.6083264790532172 1.6112970038984025 1.986109137549492
-0.28701396183811534 -2.584360859058204 0.6026057996085257
1.3996188363712627 0.5653493753905804 -4.142321571574731
0.6158175124324393 2.1911318087151597 -1.6283393564258017
-0.28362554288967873 -2.143779178908267 0.6364987107782094
0.8577059113816531 -2.0387786770857637 -2.7769956018535358
-1.5534639156684882 -0.4378915800485029 4.616602589000614
0.6678814493011299 -1.312192773791339 -2.1348636252825237
0.43453230936265386 -2.447268455847396 -1.5483237736727011
1.3636107106018103 -0.7929828575869676 -4.170130417564128
-0.08377364526998586 -2.6075493411330974 -0.009433998303352176
0.9721851396713962 -1.230828360536446 -3.039638255067833
-0.9263869592463028 1.0225430151065311 2.8814151792495615
-0.29420922977002667 -2.1405552571177253 0.6685721635983074
1.3701114559826197 0.748929981184728 -4.035441369829386
-1.0667073744329494 -0.42623595093254685 3.1574985282055934
1.4320565780092347 0.2162648933968035 -4.274543244688024
-1.0085393146909767 -1.4349676888804144 2.8821211751848885
-1.2378755449002556 -0.7523058363003635 3.638396051070731
0.5492937369589207 2.2369879706368123 -1.424182413813081
-0.03962991111716962 -2.6062690844550063 -0.14173717509399178
-1.4609571119933278 -1.0070693246316058 4.2821644035168225
-1.5726392489299357 0.11463442739006056 4.729381189528813
-1.1708806543826304 1.849775776630738 3.6976195408109653
1.4330742692724103 -0.19569229775874944 -4.318792037593107
0.9447126365141526 1.2614081036928535 -2.7079970991731726
0.30456710333682635 1.9426550288519513 -0.7194358071252839
-1.3126683939187196 0.03540571151598608 3.9415457529077575
-0.24716854029441618 -2.5927100600052198 0.48223461488272656
0.49769898420361425 -1.9399327875415462 -1.6870902313649974
-0.45748755713141553 -2.526935837456811 1.1197690876485653
1.198946118102012 -0.010389706437755874 -3.5978773249498115
-1.3279439222552827 -1.447055242636285 3.8391262425022195
0.12005523481007592 -1.7868817412475617 -0.5388538785549839
-0.07647652986810441 -1.8137294468423342 0.0480566449200798
-1.4943249590191008 -0.8512184020504983 4.397853036852252
0.090817907264767 2.3813098148881493 -0.034322740305486044
-0.07694377209876868 2.839622112425001 0.5147935275388063
0.8330042428727046 -0.969648105960653 -2.595977539214179
0.48633997964163544 1.847072383155936 -1.2743127006093127
-1.1434663823838838 1.1286100102642753 3.5432601481780788
-0.5175858181638824 2.6521533122077297 1.8179727857124202
0.6548973397607712 -2.272582598140694 -2.191950279096383
-0.5156769672740997 -2.033868703542879 1.3436440314680111
1.4328243465841441 -0.201132140137996 -4.318586253766232
-1.0876490639684755 0.2194442087713946 3.2848916127825656
-0.39222841591878094 2.2379119976196096 1.4004764475183038
-0.8084556695984579 1.2988221376495872 2.5552492225603327
0.10356979416940978 -2.5866485794256335 -0.5693742404507927
1.0055967700472879 -1.1440090684448114 -3.1311912169863447
-0.17817824123768053 -1.802421862364141 0.3542925374766275
0.5111767932465235 1.8293394368720373 -1.350596436052367
1.1131438472452673 -0.7773000543968847 -3.4171615471754904
-0.8732650395207036 -1.1290986111258419 2.5068852574495266
0.412483279279718 2.310105092098602 -1.0064393286292939
-0.7888027024724905 1.8544334458908132 2.551851452006553
0.5105343690084894 2.2605123365490236 -1.3055518733705658
0.2856876200868985 2.354351367601714 -0.6216277235005242
-0.8084111323106645 -2.2853092914222786 2.1967024677897657
-1.5396788989491592 -0.5641603377054656 4.562620663076931
-0.7836393770383844 -1.3032638998021047 2.2205917411349425
1.3580703748944076 -0.8215554233424324 -4.156366667017466
1.0742726250878316 -0.9305570721055582 -3.3158735824740506
1.4166053338247393 0.42165852502924384 -4.207650148971294
0.42446151024705425 -1.6097778090884338 -1.434362311650006
-1.2196683299176472 -1.699210483935179 3.4890839413594232
0.5705969552527068 -2.348090305672256 -1.9465998963253461
1.261558321983875 -1.2055137187982787 -3.905226337831453
-0.6090498954904517 2.06479629542421 2.0336293160137764
-1.02050511753344 0.6924590227514554 3.130761254875466
-0.4269508138178299 -2.085894506257886 1.072262990827701
1.0073734470758444 -1.1391321055196166 -3.1360335517794953
1.262468623605299 -1.2025602969449953 -3.907661900510397
0.6423865635343295 2.1707972852465005 -1.7100799620783387
-0.9732225654920907 0.8773634699599268 3.007404043472265
-0.44060545389185357 -1.689306665570543 1.1528856951185065
0.37567415306290997 -2.032630398104654 -1.3302854989991952
-0.48930322042478946 -2.5121842546712907 1.2166912358072393
0.6900653067817069 2.131264294537244 -1.857069490891396
1.2509822003563362 1.2139699330269116 -3.6315496077663174
1.0184335438480379 1.7284070368346176 -2.882459927860652
-0.0715752808395054 2.367025766664628 0.451428419184979
-0.4020847653070006 -2.0981886498105506 0.9964354309399468
1.4364354697173802 -0.09622269422946973 -4.318928678575088
-0.6296639426850377 2.5670306746501748 2.1456948955201307
0.28436211544155976 1.9498054798117919 -0.6581057983435001
-0.20885611106841542 1.9285010765611708 0.8194184408613634
1.0343952464982982 1.7013424055071817 -2.9330514989441765
-1.3202081535779044 1.5017959109770016 4.110804051831414
-0.017833412369776643 2.8484885431686697 0.3383490914261969
-1.095829497683453 -1.2375213715978417 3.1637363558905753
0.7929400259395857 2.0316147478227635 -2.1756586030364806
-1.5003849351216225 0.829096951577815 4.58406450052265
-1.1831730534719134 0.9940673839659385 3.648925898812334
-0.506639744358937 1.7234738364773048 1.6922666167245415
1.1989389999406252 0.012614311998658005 -3.5955555686220095
-0.14040757895253292 1.9538214984309938 0.6166048867006981
-0.044618710765354855 1.9769328767663867 0.33154941997270326
-0.2683529539019874 2.3043549000798533 1.0354943517139477
-1.4996614630455196 0.8330866289491637 4.582293052031475
0.8376009662660989 1.4610296817637636 -2.3666999306219205
0.3837978186227996 -1.6441468499715628 -1.3158081408655549
1.4042954190820496 -0.5343373969677738 -4.266319996942927
0.87287956638338 1.939001115385776 -2.4247385876115626
-0.9821032648604295 -2.0894516010919872 2.73736463447209
0.3143813226921379 -2.0696914729530573 -1.1501131153717195
-0.747989706636798 -1.8292318684802762 2.0610459330623665
1.192963320818208 -0.20785740398774039 -3.5996757028533977
-1.3151688053671462 1.5155042369916865 4.097056839800607
-0.11841170329182957 -2.1733897365074606 0.13789613622474262
-0.04665990639441566 -2.1743851386621365 -0.07745879468296668
-1.2554072429552359 0.6689846528908114 3.8331201941547888
-0.6742965910555574 1.5237252475382281 2.175262297920495
0.2952515238107663 1.9460341488714776 -0.6911511565451511
-0.030507745324598795 -2.173629888461974 -0.125839752872401
-0.775477775904582 1.3610353655220102 2.4625368642659473
-0.5890017273499867 1.6346146266169288 1.930466644711653
0.6963879649943807 -1.2640541512243395 -2.215569310105576
0.8859341976925984 -0.8110553792372336 -2.7389081310015184
0.7769298709615131 -2.141616639567089 -2.5449512768412483
0.5737255693145612 -2.345489127320466 -1.95572562067573
1.1986767148659572 0.045211196612243015 -3.591509024936647
1.0127709672810605 -1.1241392869346425 -3.1507268305366463
1.2952263078261053 1.0704599816083786 -3.7786329253174777
1.0119297594717729 1.7391810229141247 -2.8618711761239064
-0.923743186239317 -1.5890233117745445 2.6123272275404963
-0.265125557763518 1.9019846768489854 0.9855751409754525
0.4497825414627574 -2.4374608899483703 -1.5930937133831093
0.7242823722535547 2.100377154144055 -1.9628094013462587
-0.35913300026668643 -1.7381840137133473 0.9035805994287246
0.6143732368001068 -1.393617839794315 -1.982481494379752
1.1795745510213544 0.37064060766748863 -3.5016595922973144
0.1835321254907445 -2.565282221115199 -0.8071245985837534
-0.7683337671919247 1.8820707853758991 2.493208380113364
-1.3007865281692006 -0.3064609523508007 3.871713489272522
-0.4209286382855685 -2.54228492474135 1.0085574223825704
-1.2569744427083756 1.6626238113588196 3.937185709261009
-1.1178489459646128 1.2056242060664413 3.4741092585004827
0.8421173548066946 -0.9448153805892255 -2.6208336024790064
-1.2012214448085798 1.7873778655445145 3.782402120980191
-1.1376308546426284 -1.8542621778917838 3.2274663461387068
-0.8640475228516828 -1.1492625765137883 2.4772163109036693
-1.301987068077627 0.2923333330047015 3.9351945375333512
1.1737560903000372 0.42188962944796493 -3.479079307955315
-0.4500152343049765 -1.6827918962179342 1.181766513293136
0.12645809986455417 2.379994877389402 -0.14137481185472234
-0.07027857932922442 2.8408068674421965 0.4949164247318929
-0.7958573807142941 -1.282092439748536 2.2593628981680287
-0.9122989467048752 -1.0364520331769451 2.633251636796931
-0.20199537272730186 -1.7972575043371462 0.426260367748191
1.2144377540684277 1.3171019373107917 -3.511603068474204
-1.1624615768032522 -1.0465684875434837 3.3827278816554083
-1.5633539370298841 0.31769082763671386 4.7218308938533236
-1.109858514604406 1.9653215833625688 3.5261077021494747
-1.093586536008381 0.09542698200070296 3.2903023062252132
-0.1805799617214841 1.9398686663886904 0.7357267518033215
-0.6246998585205122 2.049151307941747 2.0790147063557116
-1.306481680844894 -0.22288116312372355 3.89715692622231
-1.0325237701043373 2.0954604252022198 3.307117352833234
0.45546444155352034 -1.5810282731646328 -1.5244961519770244
-1.0139442953467614 0.7214361345128256 3.113976499491567
0.7552918576038111 -1.15197896443159 -2.3810734692545923
0.9821350239500877 -0.3271262749780956 -2.9791176993480724
-1.2131282208548253 -0.8625122644141502 3.553133436123061
0.9246656788130379 -1.3407388584087476 -2.9080709222799883
-1.0532522541296714 -1.3397693236028678 3.025779830028727
0.18224409928966168 -2.1297979055133056 -0.7597120884203156
0.790978560973493 -2.1247228365671833 -2.585407966577197
-1.0903336153034513 0.17466794450255044 3.2884676403606092
0.4988988610749707 -1.9388879381616189 -1.6905853770410741
0.9637592693995776 1.2193550041208698 -2.7693423077866455
-1.2185564256954515 0.8524544649068018 3.7409147235770344
-1.3242272150325891 1.4907393827782527 4.121755583375593
-0.8271582116309204 -1.2244201002450013 2.3590326248682607
0.7898977710707454 -1.5907430632015773 -2.528767619532394
0.18113110697383408 -2.1301940171492757 -0.7564127226364299
-0.18159033920757736 -1.8017412870828142 0.36459688891445063
-1.2605381313027944 1.6541526969380393 3.947029663602187
-1.31239991189871 -0.057999761967867845 3.9313997594993433
-0.08806150228080982 -1.8133113331564077 0.08285337352678868
0.9597850933701962 -0.48894293082577756 -2.928249573193167
0.17442343400020152 2.3756879633108645 -0.2857015056695181
-1.018544425628122 -0.6909982784938377 2.986533449034982
-0.7407379877600004 -2.3464423278076456 1.987569730499237
1.1265589683297204 0.7058672742666031 -3.3090901775625006
0.9554869330740511 -1.8937371047365879 -3.055834509695812
1.3548797534085946 0.826445881268137 -3.98199467209897
0.9956877554961533 -0.16096577741563634 -3.0031598442300234
0.3237748600202956 -1.6883840277818847 -1.1401629828390751
-1.308414942680936 -0.18598236098101736 3.906646591944706
-0.7205560839622653 -1.8592556964767357 1.9757426822391224
-0.8250502250486841 -2.2690700974709217 2.24824366539896
0.5207915897964681 -1.5126469775965192 -1.7136394671490562
-0.09131767290193628 2.36301183007205 0.5102542017130138
0.48900808136413243 2.2725991168208894 -1.2397643324103083
0.9154179514305559 -1.3605618097144927 -2.8823100352631172
-0.7396740576803329 1.4230714111226732 2.361329314153266
-0.41526695200357655 1.8042542144260352 1.4262262774533332
-1.022723601938169 1.4455842458461188 3.212729230399119
-0.7464099137281017 1.4118047497121426 2.380410216155519
1.3495230660746929 -0.8636096510580543 -4.134930163329884
0.9704490283346044 1.2040057270298352 -2.79094651230083
-0.7840813962028672 2.4202524071143263 2.594269429320034
0.37622925767823406 -2.03226684753747 -1.3319144577884492
1.0130609225650762 -1.795822325675409 -3.2187650002627697
1.0025589626638194 1.1256357003594386 -2.895113317955514
0.746093782796289 -1.6572695915579496 -2.404008307544662
-0.6195659016286901 2.0543348697030805 2.0641311918563785
0.4167756445258511 -2.458288569130756 -1.4961557904906289
-1.2737957567260991 0.5529575960723468 3.8766830297855317
-0.38948137926709964 1.823990667648792 1.350843204566178
-1.059335996928279 -1.3259134161427588 3.045416649170561
-0.5244518192418457 1.7056249452304098 1.7439179522485782
0.7947866965167243 -1.0651911424420533 -2.490879203794378
-0.541925904750444 -2.0159291072549315 1.4241848035258389
0.01298778285942401 -1.809480520673951 -0.21991140064566714
1.184660606338947 0.31882908270521204 -3.52209891074632
-0.2892315180218259 -2.142091872963443 0.6534853667691334
-0.5393183207433313 1.6901670052633833 1.7869716627563323
1.216396779294631 1.3118637049403756 -3.5180039673898555
-0.5931250845138766 1.6297226842061572 1.9423475219622457
0.4785047483794853 2.278247797310373 -1.2076894654074186
-0.9225097771483292 -2.1635529936865407 2.5511740320763336
0.31012787835735023 -2.0720408732190676 -1.1375877223939574
-0.8565933024610398 1.1976881602338605 2.689548723406505
-0.6567865544285453 -2.4120115505799578 1.7291585082276402
-1.555266315358007 0.4209453904900814 4.707893485123029
0.9249692301468333 -1.9416764261042456 -2.9690753330509247
-1.312232530417093 0.06848712523520724 3.9435463037747995
1.392614700829887 -0.6203846877688566 -4.2398825712665476
-1.007405330843633 0.749055548866319 3.0971215474175313
-1.178786048119578 1.0100172467644186 3.6373598690351754
-0.02883958745326616 -1.813114741688176 -0.09479271180901915
-0.7924999755255214 1.3295735672646998 2.510457283303034
0.16624913523197257 -1.7711101899482964 -0.6758584246907473
0.6915567580522699 1.6609689831355798 -1.9085733758432515
-1.0152296699548915 0.7158635581775251 3.1172753656824272
-0.506209308589033 2.1565966834562547 1.7342875941127245
1.05381160296241 -1.0002584905864587 -3.261460657945876
1.2978740510326487 1.061061457600181 -3.7875160073379286
0.5713776409738239 2.222547576681813 -1.4918781652532906
0.09547504062266564 2.8551966548884296 -0.0009054563791539572
-0.20235486715260062 2.3310615668787427 0.8401707581456761
1.1177700712905019 -1.5874901366525194 -3.5120592275367577
0.9381007139701103 -1.9213641331307065 -3.0064385552234016
1.0825360649940199 -0.9005306359536344 -3.337661258577423
-1.2974249724642444 0.3483215606048003 3.9271070734532127
-1.4152117009472618 -1.1827334140118475 4.1273617614406
-0.24770091907015557 1.910758173710646 0.9341785745815313
-0.8831960045756111 -1.1066861567770954 2.538919398049124
-0.6603861124816702 2.0117029264700412 2.182328630092015
0.9384956241479454 -0.6021933928969805 -2.8757062117335344
-0.23599216157371058 -1.788198742176845 0.5291566105034472
1.006453223986626 -1.1416616514472082 -3.1335258371045986
-0.6251242288452536 2.0487205816712937 2.0802447447028904
1.1853692402134348 0.31089896859464905 -3.5250178237808396
1.0156408335982041 -1.7911869956458482 -3.226041200359197
0.19490045488220972 -2.56162799690361 -0.8408641643369901
1.0197709766886789 1.0800130063381288 -2.951311629432224
-0.1504152421122685 1.9505844438772133 0.6463041707245268
-1.066886500292871 -1.3083858233274441 3.0698209185458682
-0.28808134659560297 2.77731477886739 1.141975517673548
-0.08102921566789427 -2.6075350781831874 -0.017665860814635947
1.4104558227170014 -0.48256572494504524 -4.279624040645509
0.2263121933983337 -1.7449845246867757 -0.8534350326636787
-1.259333419304756 -0.6389074964945912 3.714109508264809
-0.576735086769101 1.6489062175380516 1.8950958820611081
-1.5688325307006978 -0.2210046798235626 4.684397124119737
0.17692040873365333 -1.7669379109557528 -0.7074550172965353
-0.9366670018187712 0.9930082680403327 2.9093018322603466
-0.03631906620068373 -2.1739430455385698 -0.1084371059518058
-0.5962009238139614 -1.5557735246273419 1.63302541897915
-1.0566216327964928 -0.4949666850647847 3.1203682298829998
0.48700080607066887 -1.5493906549179626 -1.6159414837038026
0.9430185311713895 -0.580148616156477 -2.887070455129816
-1.1216297301777212 -1.1687760896137371 3.2480115815717894
0.685689256699723 -1.2825430547960308 -2.1853220755787723
-0.8352998698668314 -1.2085446222263139 2.3850451473778627
1.1500342182578789 -0.5904640810383528 -3.5091490628774715
0.9370613852667714 -0.6089996350949209 -2.8720841193098066
-0.1628234123147398 2.820117644098191 0.7704820013540385
0.7838544918780688 -2.133339673632156 -2.564897442997422
-0.14283823072686233 -1.8083133067316473 0.2476833615074223
-0.7737318009936244 2.431257063585285 2.5643211093394016
-1.5217819826475882 0.7000899727097853 4.635354945213743
0.5680769802000922 -1.8738905942204849 -1.891620000022325
-1.1011129624537608 -1.9156671083252856 3.1117721765287536
0.9849042701260949 -1.8449926237466647 -3.1392120727529513
-0.811898343448843 -2.281946588477126 2.2075003714988166
-0.9952491523376541 0.7974951599427949 3.065496973007242
-0.09515236058841862 -2.6075160328323843 0.02470547848201743
1.3687619205413712 0.7561624092136664 -4.030669520702747
-0.9511941962222286 0.9491931622863745 2.948501904895323
-1.5451813891945283 0.5214901982010329 4.687693187403688
-0.8132694885162777 -2.280618518592914 2.2117466136895416
0.011622421382063127 1.983963687122116 0.16352910456602224
1.2563687707635913 1.1977078715635543 -3.6493355251344184
-1.573348918831839 -0.0800939111500261 4.712037365380514
0.398367875073945 2.3161156528350832 -0.9634920599383267
-0.5109386178184627 -2.501398687273896 1.2826759847279985
-1.057231136026743 0.49615634656539775 3.221309042736769
-0.9860295920874154 0.8320459738596981 3.041293373648216
-1.1121512410076067 1.2218962267107427 3.4586433456938943
-0.12164750424475888 -2.1731771833631885 0.14762479439795778
-0.6755885859811039 2.5271367557173945 2.2794794335150512
-0.05445374537671068 -1.8139116387021563 -0.018029927740083607
-1.0945125348905613 -0.05483610712182217 3.278053993959502
1.3153912036918392 0.9960551616385882 -3.8465680949116585
1.4374163228773613 0.028079090337134342 -4.30944105959837
-0.2662742007883485 -2.5889412154186537 0.5399284808231801
-0.7414931243296842 -1.3711509734123166 2.087364275647821
-1.2788516933581167 1.6095739340618425 3.9975124734805343
0.05176977656520374 2.380912186336745 0.08278188893806329
-1.0806249223424742 0.30695194303354967 3.2725699613307775
-0.6952918391207219 2.5090764960298575 2.3367831669651515
1.3233224429935424 0.9648298495009757 -3.8734843440305298
-1.1531580621803326 -1.0760857902460956 3.3518656075163884
-0.9866120851036713 -0.815317559484728 2.878304499362541
1.213245410591376 -1.3506753190492693 -3.774803763679055
1.076459954326799 -0.9227231776739446 -3.3216521807477917
0.7661082840148306 -1.1292562863830828 -2.4112504806828
1.18541195525829 -1.425602244226112 -3.6987960901974812
-0.0005335874274719062 2.377370773590914 0.23933783964150712
1.0965190882760654 0.8330400122231929 -3.206253263605877
0.6996951617187426 1.6515284551587344 -1.9339326396403542
-0.9633735658341278 -2.1135869502747373 2.67876200247491
-1.057364247550307 -1.330429776412346 3.0390497650096857
-1.5679685216119568 0.23941531444036374 4.727847096279906
1.332450501701109 -0.9414187989932898 -4.091493385002656
1.1650710496362886 -1.4770508552128205 -3.642918234430148
0.802880141482564 1.5149746515056548 -2.2571429592971266
-1.1334342688084604 -1.1352964103404541 3.286773165391336
1.1975608713601487 0.10024251505991809 -3.5826583625744544
0.32116905278831853 -1.6901369135317181 -1.1325208497181274
-0.06963975527497701 -1.8138718983911604 0.027532075985814974
-0.6636701930673454 1.5387157376797385 2.14488215297001
1.353612979999693 0.8325237246405747 -3.9775865675350213
-0.9181350624864817 1.652626016879463 2.9196677891473914
1.189488669220046 -1.414969422959908 -3.7099629499561284
-0.1370981938592744 2.3517796127986488 0.6464725428576881
-1.1112411912729632 1.224468533903705 3.4561704272092597
-1.2666157792707866 0.601091724573048 3.8599565102696647
-0.9242752059194512 1.0284705754914838 2.875672675307502
-0.9521719614158641 1.5903315863291718 3.0155490428805094
1.185198680207547 0.3128266304708857 -3.5243133775755524
-1.490857586763565 0.8800716621497443 4.560579926505669
-1.2523354188035898 -0.6782408057556567 3.689182175835204
0.9493235987584275 -0.5477838527309781 -2.9027491815483804
0.2248712522504981 -1.7456873596657145 -0.8491824927180658
0.947735471720295 1.2548902025147413 -2.717717394909411
0.9981337441996286 -0.10589282176749518 -3.0049905147756353
0.8024635413816544 -1.0470077440494518 -2.5120913985499085
0.6044999597235593 -1.407493889380651 -1.9542492681087429
1.4358956148866422 0.11777920326728837 -4.295908924333197
-0.4715295559454137 -1.667188399389171 1.2478698278973241
0.7235426913531215 -2.202279441585466 -2.390856018217911
-1.5736076548137605 0.06311051328100045 4.727134015769382
-1.4174612707505612 1.1959407139859546 4.371977883650279
-0.27127574211783884 -2.147335176344238 0.5990937087190926
-1.2612506827656942 -0.6276526057342366 3.720986787723659
0.9988604312043483 1.1350887436929904 -2.883072419243746
1.129041223244614 -1.5622427872793276 -3.543347948461775
0.012985213204404341 -2.6018145597084925 -0.29913709558406226
-1.1782560915099347 -1.780676772867455 3.3567005972430586
-1.5222878679271532 -0.6898117146684593 4.497882432314614
-0.0016271648281908403 -2.1713824793340795 -0.21225675344883543
-0.47431655640523285 -1.6650938936874202 1.2564402798469563
-0.05151228576186975 2.8438896844996795 0.43892582573557726
-0.2867500743565635 -1.7709105835626724 0.6831591647134233
-0.6911706055560763 1.4991714459813354 2.2234289612663627
-0.7013928703374636 -1.8792058004288532 1.9162580309695052
1.0591094925345212 0.9639196308633722 -3.080936514517227
0.9588130318258714 -0.49472797751742303 -2.9259118932293564
0.7961093460082648 1.5249816617751508 -2.2358298718472795
-1.0119631063656835 -2.049277999037465 2.830961519193304
0.0047361095118575005 -2.602723738041899 -0.2744807023397624
0.7831935276809252 -1.091794012400228 -2.458759984282798
1.1223521829906382 0.7252782202742448 -3.2945287269444905
-1.0667720497135564 -1.30865431019606 3.0694507181210637
-0.5120136934658226 1.7181647239158815 1.707857552789056
-1.4158350871613332 -1.1805554461968444 4.129449716864315
-0.9356195893257142 -1.5692350546708063 2.649935262510062
-0.07994967024583122 -1.8136274363568816 0.05848626710180549
-0.5515939830325177 -1.5999840277148698 1.4947835463260664
0.7271189789076387 1.6183722830448344 -2.0195197084184326
0.053204622246932565 -2.163941408781717 -0.37600800761896935
-1.0656647632961174 -0.4338860404368022 3.153605685844672
-0.5909268598574954 -1.561271982138342 1.6166533813586519
-1.3356171316898162 -1.4264851416442357 3.864202880905025
-0.5875900421852727 -1.5647122942626979 1.6062988971295482
0.6324005974173688 -1.3673935295377186 -2.033941145205878
0.9544155499820172 1.2402809412335711 -2.7392185558226942
-0.7482280012763003 -1.828963308321004 2.0617876729968008
-1.1051504159765706 1.2415005704528268 3.4396013049749943
0.2359991563605642 -2.54711841009015 -0.9627093100907076
-0.34012898952604437 2.7543771009227664 1.2958246786704097
1.093157106888545 -0.8600935769419984 -3.365480678359835
1.4127027595662984 -0.46219809417460456 -4.284328088116356
0.8457604576742466 1.4476792261616713 -2.3925134504065726
-1.0593842869888515 -1.9809039066918135 2.980062470297373
1.0672177097390803 0.9375291485450912 -3.1079002143627315
-0.9410043938917505 0.9801923544854395 2.9210324171237954
0.6225730408683139 2.1860736006694994 -1.6491117625379916
0.34851233363989237 2.3351461815837595 -0.8120223827613012
-0.7942345331408404 -1.2849458501329454 2.2542090144092266
0.8932567251606323 -1.9888575421793442 -2.8786559296998315
-0.7466551890564399 -1.3632390962159908 2.103641657547721
-0.7115206101049939 -2.37050677245706 1.8975111530692759
1.1367100874305456 -0.664626572052872 -3.476592919496924
1.4351122517639716 0.1435219271990278 -4.290984562572012
0.8909843668180353 -0.7937752893013625 -2.7523306293842422
-1.05938334135131 -0.4772098208530426 3.130429041968626
-1.064318986862983 0.4476494799557805 3.237721908584527
-1.0734019587037555 -1.9595443885674417 3.0242514372545224
1.3541901281420727 -0.8409346117476847 -4.146663845600987
1.0560085443981257 1.6632189925837353 -3.0017037339360035
0.38290901910317876 -1.644857297882447 -1.313212787097781
1.0161271606899394 1.7322442405836955 -2.8751570580114483
1.3676789238679052 -0.7712659289430516 -4.1801633644980205
-1.1992185317231663 1.7916082273631369 3.776816417905813
1.1810829562373701 0.35609216685171197 -3.5076396520269393
-0.7686185890482512 -1.3283417641508264 2.1730215907296713
-0.5457536085779114 -2.0132119866030225 1.435939627073432
1.1871963634034353 0.28941840389947726 -3.532647249820358
-0.024489304805732023 -2.6053138394283946 -0.1870634695256434
-0.9845694921037779 -2.086213572730595 2.745087119038274
-0.02094236570646838 2.848114160824268 0.347638513201832
0.7140980193592836 -1.23226311004093 -2.2655203690819437
-1.5195334222967274 0.7148145104654073 4.630081717936723
-1.054057460420881 -0.5108527011893398 3.111087111143709
0.9438355483851281 -0.5760670048671263 -2.8891133456420968
0.5603108478302684 -1.4656586234387645 -1.8274984058346815
-1.562780913303609 -0.32459637596006885 4.655883102314821
-0.06989512044346587 -1.8138679685090642 0.028298564479491195
0.14564870506053043 2.3786219190537192 -0.19908392327621938
0.2671285125130282 2.3590256062632533 -0.5654829769127593
-0.02394293236664323 1.9800752381660545 0.26983632091653514
-0.5181215740922305 -2.0322485685002394 1.3511398654266675
-0.2933287342223648 -1.7683337560699472 0.7031528270600996
-0.6962320063982967 -1.884439134009883 1.900252105793902
0.36960045621343934 2.327511503240439 -0.876050218316274
0.5143372945785767 1.8269961632980485 -1.3603122674059251
-1.192813120743041 -0.9417481385049488 3.4842645483786283
-0.5757213847592957 -1.9910296742516649 1.5280611868527205
-0.30691595332656907 -1.7627635275710023 0.7444715072226069
1.1685283554982313 -0.46695182283818504 -3.5522802487785126
-1.2364453974855114 -0.7591862794268226 3.633417564513852
1.3112273923981344 -1.0289678406800347 -4.036578961262407
0.2785547307892183 -2.5299236612992417 -1.0886565584975791
1.154389084720731 0.5579850506642737 -3.4073687490957654
0.8327571187213705 -0.9703094018933817 -2.5953022963534496
0.9097858644855932 -0.7250173684587597 -2.8018593303026553
-0.42173207041278316 -1.7018172883994647 1.095014482398403
0.16179101694437176 1.9792901990817007 -0.2874440309249452
1.4265392797264047 -0.3077209691079137 -4.310389936090005
1.1172422303746161 0.7480695978928001 -3.276919731334568
0.6466857519869138 -1.3457612893628113 -2.0746333848970226
-0.4050569567093649 -1.7122643365994816 1.0439444364681467
0.7599175346601985 -2.1615453984652913 -2.4959071438271248
-0.5999841310580732 -1.9718614155390393 1.6027662516203156
0.4656119500851207 1.8609637629254465 -1.2107394739628172
-0.6151520858107161 1.60281980403847 2.0057382378359954
1.1449176857585888 -0.6200756213392921 -3.496760619409695
-0.9746314052640987 -0.8562887336070525 2.838265342431591
-0.7991095145193522 1.316987961137903 2.529027339671847
-0.744153029623343 -1.8335371527547992 2.049105373594549
0.08863856008314164 -1.7955142135283333 -0.4454671016022582
-0.7688832745027482 1.8813424758551365 2.494784071093758
-0.1323417973193139 1.9563159482322285 0.5926569867811645
-1.3019867309480433 0.292337871155394 3.9351939799596694
0.02083686608851112 -2.1688377354116124 -0.27939437180669463
-1.2751466173191035 0.5434006310477624 3.8797799150620866
0.30104969249660957 2.350139809024623 -0.6681350965873665
-0.8436252473612847 1.2262731782102458 2.653503059904879
0.0929985349482697 -2.588910201474711 -0.5378866249922802
-0.23896101054171634 -1.7873125305543642 0.5381517785697125
1.235534109905361 -1.28635335981557 -3.83523766569764
-0.11473143533462622 1.9614088322024732 0.540335189224126
-1.5081624957457447 0.7848241848007295 4.602969905717307
-1.0883817473209854 2.0031588094614206 3.465461122909098
-1.1597988733859603 1.8717047126750772 3.6665670914253887
0.8759523969211204 -0.8439332170578739 -2.7122505124691485
-0.804007790643239 -1.7622134805471619 2.2358020238750007
-0.03155293432723058 2.3736402218074466 0.3320228251624364
-0.6582986631640415 1.54615849500435 2.1295118389925594
-0.06259342014932504 -2.174777744273171 -0.029697513979341977
-1.0547720435514432 0.5118591470103451 3.2155020453553638
-0.7520458488446162 -1.3548613203543636 2.120651414498412
-0.14414844097533988 -1.8081324100374856 0.2516320819222711
-0.9904692685223117 -2.0784098176573607 2.763566823801199
-0.866844168361873 -2.2260584436960085 2.3779266607160183
-0.6709322001224196 2.0001493020933196 2.212811530576591
-1.4064783010413193 1.2353097067823318 4.342965873802191
-1.3085962031735707 0.18269769143422926 3.944058378664135
-0.1892675018706752 -1.8001376413096934 0.38778874148105624
0.2137987825375082 2.3699624076783063 -0.40440010684469396
-0.8675780447593302 -1.675850912048503 2.43514904307314
-0.9262685997474945 -2.1591060072267347 2.56289519851981
-0.29292416078712613 -1.7684944801918243 0.7019230343421959
0.4068344226757757 -1.6251297917096126 -1.3830162471982883
-1.5479578919298074 0.4958883820602252 4.693462513995445
-0.5919074024365074 2.5975977484298136 2.0354819821525036
-0.839187396844726 2.3585860070153646 2.7534207912357145
-1.0051878189017565 0.7581604323824676 3.0913794999435162
-1.2705016570690348 -0.569906336309738 3.7545143375761305
1.4370871193147614 0.060202385476855094 -4.305241119396599
0.20992688560578837 -2.1193646831756765 -0.8417171251349328
0.7557474685477195 -1.6431255567689382 -2.431554961320052
-0.9199135109855152 -1.016829387009957 2.6580575942555495
-0.8987010847192168 -1.0701611359840466 2.5890871405592457
-1.522620659518744 -0.6876380511586575 4.499098173440366
-1.087472142508717 0.22207665886958206 3.2846240934131097
-0.9294843011526491 1.6323411034287432 2.951687013800822
-1.070310328163173 -0.398592157730836 3.171071768716435
-0.8435213004214906 -1.1921187211747832 2.4113520291469936
0.23769520558560436 1.963813425641948 -0.5167042741926183
-1.3369877032008244 -1.4227654111337016 3.868686568489103
-1.406143252909808 -1.2138535944331728 4.097044399286107
-0.37156817889663357 2.250525285115372 1.339757065201438
-0.9972728295346409 0.789671273335384 3.0707856159374614
-0.7951768335031585 1.3245019820053872 2.517980698710014
-1.0050932090176221 0.758546086834942 3.0911342357363605
-1.072534150320387 -1.9608826477789925 3.0215141861832615
0.9358663018857311 1.8552236592375648 -2.622076539733437
1.0738471421166789 -0.9320717089192051 -3.314748597241957
1.4374337870457827 -0.025265204843354674 -4.314827881621683
1.3871812717069139 0.649683668775918 -4.09657544824315
-0.6841495493201797 2.5193606304229603 2.304384711002835
0.7174331402584905 1.6303242382884857 -1.989266996946623
1.0494702484991523 -1.0142903053478347 -3.2498397760322404
-0.9785164287821879 2.1771236691462104 3.153261653261185
0.6926124926040305 1.659754383129879 -1.9118620394991035
0.767600939745708 -1.6253665736663714 -2.465339476603761
-0.1400376005035265 -2.1716934176826 0.2029434597423195
-1.321286941861717 -1.4645607039959587 3.8174047551855548
-0.5701437993136179 -1.9952817278377062 1.5109032251570833
-0.20206174143549546 1.9313504855168455 0.799320272858171
1.061907138919536 -0.9734144537035128 -3.2830628621289595
0.8353516008489861 1.4646633889095657 -2.359588463656002
-0.512340735354402 2.1516347859870217 1.7521856846619084
1.15342437877373 0.5638423185486169 -3.4038889044663283
-0.7184262489544785 -1.4052319941775702 2.0147555474456786
-0.22452199022088923 -2.5966207913552495 0.4139038915271427
1.233112850229382 -1.2935460049676222 -3.828693151184908
0.8704580013500082 1.405583274866162 -2.4708156765634084
-1.4835327016434119 0.9171715890282414 4.54231526383306
-1.0452378124307173 1.3941464294444592 3.275128080236598
-1.0881105043070316 0.21242386623484819 3.2855738995445796
1.1649571907023282 -0.49334237733435415 -3.5442058098404203
0.5260897978963698 -2.3834890337251413 -1.8166182970616236
0.7130598835601951 -2.2135587973155633 -2.360535530412142
1.2743349798079513 1.141186351805674 -3.7088863042432867
-0.3640146464521666 2.254980269247213 1.317541966281221
1.198575261476523 -0.052706613977308844 -3.6009964458273
0.6157981945992151 2.19114616439341 -1.6282799673583044
0.6693122678713735 1.6858789378716328 -1.8393489098269573
0.5257701277551279 1.8183532939791596 -1.3954750538674676
0.9976254196338926 -0.11944963247938249 -3.004821222149616
0.16220535841518416 1.979229894802393 -0.28869308576531316
-1.2465248891052998 0.7179427498288412 3.8113689422987838
-0.8511685896759401 -1.6992788041274611 2.3835778886150742
-1.0778455038654051 0.33525497156928097 3.2670620087531432
0.1279634630613407 1.9833277742840139 -0.18555761175562074
-0.4498605390531179 2.69568232039081 1.6191498491984349
1.156396849347312 -1.4982224514284541 -3.6190127931847815
-0.88604853892348 1.7075202802296106 2.8288976447934013
0.03046464757719052 -2.1675332461879737 -0.3081472673503689
-0.3672079367389952 1.8400177667901223 1.2856255868959978
0.9645827577291793 1.2174824065754697 -2.772000032529991
-1.117904513556557 -1.1790636510048038 3.2358071755691906
1.422499441962739 -0.3598488684595536 -4.303483212734173
-0.859524895954142 1.7503412267812366 2.75360881054055
-0.9128821297767286 1.0596807998616224 2.844614469316348
-0.3656164261260768 -2.562321323250603 0.8406171460531702
0.007463930468848035 2.378135564824807 0.2154217650759366
0.337787188414053 -1.6787234560728872 -1.1812339108494478
-0.785807185748647 2.41840004948434 2.5992615621943753
-1.5189218858521223 0.7187640829590384 4.628642065852271
1.1162184364426602 -0.7636481823803969 -3.4250201275660204
-0.023998173511243087 -1.8128422459335505 -0.10928970405962579
-1.234282783842594 1.7151020817747253 3.874358559705255
0.27381399359600794 1.9532760732697096 -0.6261143734610528
-1.462659039929012 1.0147575396255557 4.489452873749592
0.9876937333119757 1.1629315027903064 -2.8467880496568965
-0.9971677269506211 -2.0694500795341146 2.7845581728984516
-1.2543888247302801 -0.6669669373218085 3.6964697804586595
-0.5061542735957079 2.156640938760313 1.7341269146631548
-1.2571224684500095 -1.6190897042957555 3.609458434920453
-0.03653898345046312 1.9782382265378118 0.30744077300517053
0.733152993736294 -1.6757933990125644 -2.3670383211101385
1.195672508651858 0.15348562006772007 -3.571668963948802
0.9655059535355532 -0.4533023867445018 -2.9418480992811102
-0.4900983061454978 -1.6529107395777904 1.3050038444787144
-1.5471062540604739 0.5038829389676722 4.691707056078189
0.7952302053866335 -1.0641532688351318 -2.4921059430434136
0.8614652263523463 1.4212130208880234 -2.4422743769682365
-0.4620927968576143 2.1904892896422017 1.605327319537063
0.46510220895459214 1.861295154655274 -1.209177111398249
0.9990926919806646 -0.0738255820308659 -3.0046606341450803
-1.0809748424700285 2.0158934974741833 3.444513877157504
-0.8290323950791195 1.796935389241408 2.6667907241614994
-0.026655474851850967 -2.1733966311607227 -0.13737323856051936
0.7294095281155055 -2.1958783639688653 -2.407816420743403
-0.8554551382018996 -1.167534779895026 2.4496119366161957
1.0621236717919027 -0.9726838114838363 -3.2836393965240918
-1.154187692396016 -1.8249780020911348 3.2800652769789345
-0.20010576322312854 -1.7977026068113802 0.4205470289882476
0.7599521650501947 -1.142279255082541 -2.3940844206588383
0.68400141842635 2.1365149253368116 -1.8383527627453689
-0.9172623248401374 -1.599600685466376 2.5918269059737744
1.0095231687227073 1.1075077664782607 -2.9178187295202958
-1.0112509050112655 -1.4295028920859139 2.890802425825205
-1.5401537067636224 0.5648314128321773 4.676944261574086
0.8218501447017967 -1.5381700077388658 -2.619367434879277
-1.306016947022051 -0.23086201732914524 3.8949646393332387
-1.338011493807906 -1.41997766195539 3.8720367152281785
-0.9474721286779083 -2.1334599838569854 2.6290703876480266
0.5392005892233479 -2.3733695522364178 -1.8549387228936853
0.8805496119306568 -0.8289928891458319 -2.724548124706554
-0.06859537560747449 2.8410986076270537 0.48989598758512887
-0.9752062586966028 0.8705312846820878 3.012671904558017
0.2859363499850147 1.9492721399243562 -0.6628818359626085
-1.1905397828674023 0.9665744699930867 3.6682767956015154
-0.06479348539220248 -2.607273489057761 -0.06634689272916872
-0.5852545542595025 -1.9836292692139714 1.5574007358571103
-1.2014629585596628 -1.7358843529089354 3.4308004403880945
0.9134752023701356 1.8861873827603017 -2.5518068688343765
-0.07408681889036493 -2.17484361117295 0.004776095553799764
-1.0222832805576343 -0.67460967760308 2.999388873912595
1.1088281392159232 -1.6070817053854267 -3.4871925881863124
0.8076289516177136 -2.104175287793461 -2.633304383632487
1.025398079693666 1.7167083011704998 -2.904523408963948
-1.051792683880003 1.378618722475499 3.2932399238875583
0.24247689970700087 -1.7368388372959973 -0.9011145828506024
0.35852414321803006 -2.4914868968866397 -1.3247211193427542
1.2343121357567688 -1.2899899299858353 -3.83193540026889
1.1978954270743205 0.0874677295253028 -3.584939508270431
-1.2348641576574944 -1.6674942022683965 3.5378430527456435
-1.1857053710019538 -1.7665285022367843 3.380463262782183
-0.5925164698263088 1.6304475568118049 1.9405941651601069
-0.8790408598040272 -1.1161530350890283 2.5255072759031787
0.9693124733828834 -1.2378931293355495 -3.031726733082205
0.26919979029744867 -2.09321161038333 -1.0169205319306789
0.8739035317377275 -0.8504857764730768 -2.7067591728604903
0.11448119320790487 1.9844509561014214 -0.1449984840135725
-0.10921146530212562 -1.811973739411461 0.14643702196523078
-0.8169883349382117 -1.7455158696645658 2.2764134178481785
-1.270419423940597 -0.5704478038122326 3.7542134914405683
0.26811979381803236 1.9550753235990113 -0.6088518490941959
-1.0364101030675479 -2.01475732065694 2.9077545771369495
1.1267735005332014 -1.5673732383678438 -3.5370578254363885
1.4270373878330274 0.29926652933575476 -4.251185510565507
0.40937862826792104 -2.009622334722242 -1.4290981182759874
-0.47729497272646576 -1.66283673780628 1.2656012443987694
-0.12404121794412613 2.8299032238149544 0.6551139762138738
-0.6946984234492062 1.9732678800062322 2.281422058348242
-0.233634765008083 1.917470544851085 0.8926513495093575
1.1903718794050704 -0.24870070713334336 -3.5959857089285454
-0.9040859501579056 1.0829381979535395 2.820551670269071
-1.168692832855934 -1.7985327481430322 3.326225223753499
-1.2775873698196987 0.5256725181375987 3.8853293612728557
-1.2553850863254177 -0.6614197481496371 3.7000132841612894
-1.2836922123439547 -1.558001554572026 3.6952764815746617
0.2193158428615865 -2.115570864672234 -0.869504615051983
-1.2981773229405482 0.3397319003422723 3.928505158855872
0.543132289833979 -1.8984289469372908 -1.8192397641956661
0.326507281875315 -2.062837259616597 -1.1858055715876048
0.54745657315194 -1.894266189133063 -1.831796338369126
0.20296306258997718 -2.558942367234904 -0.8647834244934218
1.0893204744296912 -1.648546300956458 -3.4328160533847196
-1.2566736760183816 -0.65416710068854 3.704604317986291
1.0724091883339524 -0.9371686483968695 -3.3109444298415442
0.9579582847761051 -0.4997557586775918 -2.9238504301960746
1.2112649912059181 -1.3561948533790644 -3.769414458955661
0.7286717392440814 -1.6820941216099847 -2.3542246298932428
1.277514583697913 1.1307904995456155 -3.719464701139177
1.1605444872044561 -1.4881540483832842 -3.630448866451697
-1.4391080144692148 -1.095300307494006 4.207794012658244
1.0770637886794245 -1.6737487431377636 -3.3985662403520496
-1.5483827497822635 -0.48842684276368586 4.5963055650704225
-0.3056903267809723 2.2866152281957404 1.145732503162491
0.9722671848475822 -0.40693465832369524 -2.9574950203751165
1.4369448606084811 0.06963515227947673 -4.303871066597496
0.6674292912121873 -1.762682209870355 -2.178556094623598
-0.09896595779093609 2.3613228429949222 0.5330301576723004
-0.9517104282939797 1.5912063027617729 3.014251915158116
1.001101483859332 -1.1562234774427425 -3.1189267993222702
0.701976009190639 -2.2252673130362917 -2.3284547588755458
-1.0603134062480444 0.47570061478782794 3.228510280222916
1.270813333647672 -1.1750526980194487 -3.9299452707449607
-0.117261638671979 -1.8112692243960664 0.17065799357633032
-0.9140392803171143 -1.0320162383976066 2.6389162171115825
1.4341751435916104 -0.16966381942044426 -4.319491812716875
-0.2127903802013039 -2.1611980416734746 0.4222513364365642
0.03243012532431335 -1.8068036822622184 -0.2779707441991619
0.7380020681582639 -1.1868259007039377 -2.3326887945451853
-1.5708455419665062 0.17351881665528873 4.729888507565048
-0.6516482593784557 2.021105012674694 2.1570552794028366
-1.5738297773931678 -0.04337120491500862 4.717152211688003
-0.6715150690604337 -1.908704802676549 1.8236747269136462
-0.17790804173103184 1.9408763211419757 0.7278117573072931
-0.8104384510206266 2.391413585644302 2.67045671162631
-0.346291588955554 -2.5684329215598702 0.7820314747106749
-1.154715723648162 1.092567066374478 3.5734038775819337
0.3608621571035741 -2.490240235673032 -1.3316104948780256
-0.26622551851628257 -1.7784509362854721 0.6208314619203006
-0.9909475513262815 -2.077773599320468 2.7650652940467975
1.1647219656097076 -0.4950292312422557 -3.543668819953348
0.9571999448262395 1.2341060553475343 -2.748189228943965
0.5658263714060514 -1.4587352704824401 -1.8433526412663983
0.14971920165983812 1.9809316927057832 -0.2510644357089361
0.4179478354098071 1.8898800446528128 -1.0648555017641401
0.9834604548414446 -0.3148186131897499 -2.981863225843309
-1.2849531751961512 -0.46422291133029975 3.8084372344554236
-0.42862699017397055 -1.697332133740192 1.1161477571478924
-1.2781373351244565 -0.516954741087096 3.78271653126466
-1.22178891396438 -1.6948463385356125 3.495882108039579
0.6482574027874356 1.7082928581913452 -1.7739429225431724
0.7215888557841449 -2.2043970494068903 -2.3852062722931238
0.8441952334442443 1.4502610115938999 -2.387559599173343
-0.6382399533830504 2.0352370613478104 2.1182435662839323
-0.948181376722551 1.5978664894000874 3.004330779107662
-1.4425724941418654 -1.081890277471033 4.219528454678493
-0.4047360069209416 -1.712459911271936 1.042962029635631
0.4114321061120447 -2.008158447730518 -1.4351121631091859
0.9151014800818328 1.3223880691320373 -2.6130656333322944
-1.0931282184858542 -0.10985689773396583 3.268398965684166
1.3460407072581524 -0.8801076747284501 -4.126132889247302
-1.3087676533503083 0.17895813079599335 3.944198773130524
-0.35246350964542905 1.85011883613941 1.242402412550228
-0.34124179314972247 -2.1242357357506845 0.811301805874099
-0.933448318392571 -1.572892600839032 2.6430556950938096
0.34128377232756424 -1.676250602325602 -1.1914763772152528
1.0903905719983986 0.8562287840479474 -3.1855488375904013
-1.2866583564838965 0.45349899351837347 3.9053249688035265
-1.3115651731486588 0.09977383126907012 3.9446729025728837
0.8217967441826928 -1.538260938486809 -2.619216326396759
-0.9099909160357006 -1.0422910815564201 2.6257436399514598
1.1983452238695662 0.06651386765281098 -3.5883842848434178
-0.28030810071935663 2.298884579372874 1.0708127600953574
1.3648899887917718 -0.7862240752459567 -4.173292373899911
-0.9865885652852975 -0.8154005855685246 2.87822563729904
-1.161860972123058 1.8676576274602354 3.6723486791151974
-0.7731952667154119 -1.8000586516857662 2.139579934977659
-1.08004352575539 -0.31109611802368614 3.209020965463801
-0.9371537570453276 -1.5666398232388286 2.6547972888121
0.7021143861750175 -1.2539401170944853 -2.231737170234501
-1.0660936212923204 -1.3102440255856225 3.0672564613183995
-1.5203415522233814 0.7095596287462855 4.631980619544772
-0.6301984892208187 2.5665836651339813 2.1472538341758542
0.12592145705471003 1.9835156476294176 -0.1794128064011883
-0.11305491815086645 -2.6071619269538435 0.07844856175721499
-0.4349896632929409 2.704479456098675 1.5754169354886902
0.944311558731353 1.2622686380915857 -2.7067078123849004
1.430654190130308 -0.24329681903192976 -4.316292252294117
-0.30690474021001524 2.7693749510578467 1.1976517157358304
-1.5010342896465567 0.8254982631930754 4.585652695258978
-0.5549719315431223 2.1153811095580672 1.8764539055851737
-1.0070283878797204 -1.437996620522988 2.8772855015868624
-0.1137053616284453 2.8322387819937083 0.6243399630847067
-1.5711437751405197 0.16518947452786722 4.729950272874346
-1.5103004085222826 0.7721765165547204 4.60811887722232
-0.718289114848465 2.487257351106884 2.4035930796560834
-0.7245012120651406 -1.3964533215383528 2.0338583040415865
-0.22303315578382 2.801698400531558 0.9492693074046158
-0.0068451131713521615 2.3767102303930767 0.25820636255336415
0.3965541702999709 -2.018602196138784 -1.3915227305137912
0.33241380777686935 -2.504930111342057 -1.2477344344648138
0.46818652109840075 -1.9647851050686398 -1.6010380738020664
-0.3109461594383187 -2.135122452309394 0.7193262330840168
-1.0604090874880459 -0.4704288757977522 3.134184374884362
0.9503648333905614 -1.2830730523631357 -2.979401805407998
0.6152638431457104 -1.39234952754303 -1.9850264821914343
-1.0091283464742993 0.7418920441674483 3.1015742438396425
0.06082975123794012 -2.162575965081044 -0.39874685022192474
-1.0543858635546772 0.5142790554797937 3.2145854962120106
1.1952469813759568 0.16308453590687105 -3.5694324905371833
-1.3034887133210484 -0.2701159969544126 3.8834545402677043
0.9744319681473632 -1.8626423848564833 -3.109560142927738
-0.6690778839281891 -2.4030872703764827 1.7669249247469192
-1.2230601046293994 0.8324248449196311 3.7524227983801612
-0.3561199282676584 -2.1183870208265714 0.8565210827203182
0.08700598144230379 -1.7959170024482087 -0.44060964457173224
-1.0814335113645683 1.3049679133039487 3.3747973254241
0.13860678460800865 1.982245756649246 -0.21759577815910133
0.993381306557002 -0.1993900357407448 -3.0000829232450803
0.468816602127057 -1.5679357224647417 -1.5632433786276452
0.632581110158237 2.178440032883286 -1.6798993271863825
1.3475759847420845 -0.8728769040349078 -4.1300156446297445
0.7483223663147561 -2.1748037478292144 -2.4624474737271895
0.2502439297816261 -2.1021482131131517 -0.9609466106561934
1.0235787206600684 -1.0932829224683935 -3.1800644542270446
-1.0726806537012494 -1.294677919264612 3.0885741691772868
0.877324388431052 -2.011605416893374 -2.833133706982493
-0.09047603710385851 -2.174622299565739 0.05396588135500158
1.2897742825007128 -1.109397542256758 -3.980262601727814
-0.2572206754951227 -2.1511138650182904 0.5565506399835389
1.3089967090131154 -1.0376754909127637 -4.030757676130622
-1.543931759392738 0.5326015788157952 4.685055436059794
-0.5491285430250409 2.1205347101070537 1.859439100085828
-1.5739494591462502 -0.02741726891700192 4.71910665054705
0.00717674095871899 -1.8101587451832566 -0.20254609739448265
-1.042553219806857 -0.5762618537893855 3.0700334740416326
-0.2768263861244151 -2.1457642899327007 0.6159027293799753
-1.017654686712412 -0.6948311735398046 2.983480942783256
0.9843107854485851 -0.30665643111792407 -2.9835979994575474
1.142961094613654 -0.6310054207122652 -3.4919838259121883
-0.2643115207242179 -2.1492431036313677 0.5780102518095168
0.850397879257532 -1.487988671651515 -2.6999925049377476
-0.23404265214168696 1.9172805216178843 0.8938560085868493
1.0016003819842403 1.7559998858063637 -2.829201157372084
-1.1205302457353272 1.945998132857556 3.5561905504917375
-0.3866274387602414 -2.5551569550874342 0.9043666207719809
0.48002532431567474 2.277440057609658 -1.2123319671860584
1.3324706323314601 0.927222145112037 -3.904689682483177
-1.2813342369949392 -0.49296860655213054 3.7947058503296045
0.3819367951227925 2.3227640929597473 -0.9135339760724027
0.8084983078538978 -1.0323783688832135 -2.5287327604500147
-1.1310799371650453 -1.865593103712375 3.2066805011238984
0.08077748105549415 -2.591362205253802 -0.5014686636918626
-0.8363520029763691 -2.2577566451148194 2.2832803444176255
-0.9028366878637786 1.0861850933508572 2.8171285729264213
1.1543661282129796 0.558125216282136 -3.4072858630107254
1.4297189889843305 -0.25935571936717644 -4.31509253888971
-1.1880921182520143 -1.7619501126530361 3.388081343490739
0.009016748799086283 2.8512982244111127 0.25807957604385245
-0.49619900522957844 -2.5088134150595796 1.2377156741827773
-0.04791401499028911 2.371182039655012 0.38086024893636855
1.4356236215117775 -0.12756195776263818 -4.319627060311596
-1.070013058473429 -0.40094974241308506 3.169944201178979
1.1405596926370896 -0.6441466851248072 -3.4860937464237494
-0.8015630410447535 1.8366634811179543 2.588355471246056
0.5080272249618006 -1.526884824623167 -1.6767701573477187
-1.172757929802521 1.0314511643449487 3.621418905842058
-0.33199767124822194 -1.751592240479693 0.8208337896966964
0.20987159208097575 1.9705264461872503 -0.4325621316242022
-0.3154985020167399 2.2816332804746984 1.1746588340976896
0.8206096072849588 -1.0020724663218616 -2.5620360684870622
1.2270209859141714 -1.3114146714707247 -3.812204424889587
0.9999248671141594 -0.021236064785774313 -3.0018982078210557
-0.0021441023683817697 2.8502224919645918 0.2914545563016045
1.2926524924798855 1.079496789094341 -3.770007798530222
-1.416020766869019 1.2011928977422528 4.3681815903812815
1.43331855751805 0.1896672640505529 -4.280988946149095
