1001 3
1.0 0.0 -8.246415651117387
0.99959 -0.082498 -8.252493823402004
0.99835 -0.16504 -8.254171741365012
0.99629 -0.24757 -8.251471632765242
0.9934 -0.33005 -8.2442945454058
0.98969 -0.41244 -8.232631276839085
0.98515 -0.49469 -8.21634810307857
0.97979 -0.57675 -8.195402698966316
0.97362 -0.65858 -8.169739545943143
0.96662 -0.74013 -8.13912186800493
0.95882 -0.82135 -8.103574596623135
0.9502 -0.9022 -8.062831886354173
0.94078 -0.98264 -8.016839315716528
0.93057 -1.0626 -7.965473644918312
0.91955 -1.142 -7.908423420120065
0.90775 -1.2208 -7.845663981984951
0.89515 -1.299 -7.776868422108029
0.88178 -1.3764 -7.70198350605887
0.86764 -1.4531 -7.620799188987218
0.85274 -1.5289 -7.5331321781181195
0.83708 -1.6037 -7.4387413759418
0.82067 -1.6776 -7.337466987199874
0.80353 -1.7504 -7.229187712086509
0.78566 -1.8221 -7.113670653149502
0.76708 -1.8926 -6.990812551956432
0.7478 -1.9618 -6.860448483202778
0.72784 -2.0297 -6.722503337958926
0.7072 -2.0962 -6.576756492495098
0.68591 -2.1611 -6.423209213778597
0.66397 -2.2245 -6.261683156384559
0.64141 -2.2863 -6.092222863169522
0.61824 -2.3463 -5.914727985803472
0.59447 -2.4045 -5.729133619496261
0.57014 -2.4608 -5.535629113900787
0.54526 -2.5152 -5.334195979535819
0.51984 -2.5675 -5.124814548072047
0.49391 -2.6177 -4.907677593071431
0.46748 -2.6658 -4.682833357136653
0.44058 -2.7116 -4.450508663710653
0.41324 -2.7551 -4.210981279920015
0.38547 -2.7963 -3.964377967040283
0.35731 -2.8349 -3.711092913243845
0.32877 -2.871 -3.4513156845375197
0.2999 -2.9044 -3.185601781042855
0.27071 -2.9351 -2.9141833380334234
0.24123 -2.963 -2.6374924818432204
0.2115 -2.9881 -2.356091769276861
0.18153 -3.0104 -2.070279512605138
0.15135 -3.0297 -1.7805438011091992
0.121 -3.0461 -1.4875185678514236
0.090499 -3.0595 -1.191630080332105
0.059878 -3.0698 -0.8934338105627002
0.029166 -3.0772 -0.5935062783642906
-0.0016094 -3.0815 -0.29237788680874016
-0.032418 -3.0828 0.00936075698443728
-0.06323 -3.081 0.3111411830183325
-0.094016 -3.0762 0.6123800863453334
-0.12475 -3.0683 0.9125514647342043
-0.15539 -3.0575 1.210951037970156
-0.18592 -3.0437 1.5071674176678902
-0.2163 -3.0269 1.8005597063742425
-0.2465 -3.0072 2.090590322074243
-0.2765 -2.9847 2.3768346334652546
-0.30626 -2.9593 2.658718880052213
-0.33574 -2.9312 2.935665845538086
-0.36492 -2.9004 3.2073307216518305
-0.39377 -2.867 3.473291599875785
-0.42226 -2.831 3.733165311504206
-0.45038 -2.7924 3.986775191454306
-0.47811 -2.7513 4.233868927475351
-0.50542 -2.7078 4.474134715021849
-0.53228 -2.6619 4.707302411267567
-0.55866 -2.6137 4.933123915227324
-0.58456 -2.5633 5.15162845659947
-0.60994 -2.5108 5.362539145845131
-0.63478 -2.4562 5.565783765445394
-0.65907 -2.3996 5.761382562784501
-0.68277 -2.341 5.949155956562712
-0.70588 -2.2806 6.1292372076205295
-0.72838 -2.2184 6.301643463751016
-0.75024 -2.1545 6.466330588046024
-0.77146 -2.089 6.623489929739745
-0.79201 -2.0218 6.773132342888
-0.81188 -1.9532 6.9153850768658085
-0.83106 -1.8832 7.050413982176309
-0.84953 -1.8118 7.178327274923432
-0.86728 -1.7392 7.299287399043441
-0.88429 -1.6654 7.413418534254068
-0.90057 -1.5905 7.5210247803798325
-0.91609 -1.5145 7.622172518957277
-0.93084 -1.4376 7.717034017871766
-0.94483 -1.3599 7.805903988714321
-0.95803 -1.2813 7.888859421582771
-0.97045 -1.202 7.966172143072256
-0.98208 -1.122 8.038010964220966
-0.99291 -1.0414 8.104527415866716
-1.0029 -0.96006 8.165730344973518
-1.0121 -0.87815 8.222064463674744
-1.0205 -0.7957 8.27365206432573
-1.0281 -0.71274 8.320655008165247
-1.0348 -0.62932 8.36271829408137
-1.0407 -0.54548 8.400484027033267
-1.0458 -0.46126 8.43406667021765
-1.05 -0.37672 8.463075610821367
-1.0533 -0.29189 8.487603742775486
-1.0558 -0.20682 8.50820440844241
-1.0575 -0.12156 8.52492365757897
-1.0583 -0.036146 8.537312168597044
-1.0582 0.049374 8.545383578601745
-1.0573 0.13496 8.549613026020277
-1.0555 0.22055 8.549492981606575
-1.0529 0.30612 8.54546481456288
-1.0494 0.39161 8.536981363100782
-1.045 0.47698 8.523958471938204
-1.0398 0.56219 8.506788066255927
-1.0337 0.64718 8.484857874366439
-1.0268 0.73192 8.45853438682632
-1.019 0.81635 8.427160454307362
-1.0104 0.90043 8.391079307312582
-1.001 0.98411 8.350117489624918
-0.99072 1.0674 8.303664021967206
-0.97962 1.1501 8.251809291280365
-0.9677 1.2323 8.194346768665369
-0.95497 1.314 8.131104835792968
-0.94143 1.395 8.061826578797096
-0.92708 1.4753 7.98626433659064
-0.91194 1.5549 7.904280616092336
-0.89601 1.6336 7.8155964797944755
-0.87929 1.7114 7.71994581212672
-0.8618 1.7881 7.617164075591992
-0.84355 1.8638 7.5070575753118165
-0.82455 1.9384 7.3894151010440385
-0.80481 2.0117 7.264019600771588
-0.78434 2.0836 7.130669879163901
-0.76315 2.1542 6.989192317226005
-0.74127 2.2233 6.839537182128833
-0.71869 2.2909 6.681402561437888
-0.69545 2.3568 6.514843788693388
-0.67156 2.421 6.339738328693102
-0.64703 2.4834 6.15596983764145
-0.62189 2.5439 5.963599051041311
-0.59615 2.6024 5.762555393375959
-0.56983 2.6589 5.5528813941577395
-0.54296 2.7133 5.334721022509472
-0.51555 2.7655 5.108081668030791
-0.48764 2.8154 4.873254284802193
-0.45923 2.8629 4.630218547021511
-0.43037 2.908 4.379429493898285
-0.40107 2.9505 4.1210058137243495
-0.37135 2.9904 3.8552026909766126
-0.34126 3.0276 3.582572040233898
-0.31081 3.0621 3.3033432794669486
-0.28001 3.0938 3.0177595392258536
-0.24891 3.1227 2.7264774399460556
-0.21754 3.1487 2.4299869230884843
-0.18592 3.1717 2.1287074176678904
-0.15409 3.1917 1.823283261011296
-0.12209 3.2087 1.5143817608249255
-0.089932 3.2225 1.2023960772033084
-0.057662 3.2332 0.8880945081729736
-0.025307 3.2407 0.5720521282341033
0.0071011 3.2451 0.25491980485824406
0.039532 3.2462 -0.0626927009098564
0.071954 3.2441 -0.380130886821956
0.10434 3.2388 -0.6967976533895766
0.13665 3.2303 -1.0119761196592236
0.16887 3.2186 -1.3252115989288622
0.20095 3.2037 -1.635712981693455
0.23287 3.1856 -1.9429958327245347
0.26461 3.1645 -2.2465720492221206
0.29612 3.1403 -2.54572060228048
0.32738 3.113 -2.8400202234848226
0.35837 3.0828 -3.129052890664271
0.38905 3.0497 -3.412263884866842
0.41939 3.0138 -3.6892132511715823
0.44936 2.9751 -3.9595037574564476
0.47894 2.9337 -4.222849276384533
0.5081 2.8897 -4.478907891132791
0.5368 2.8433 -4.727279222592896
0.56503 2.7945 -4.967873303596901
0.59274 2.7435 -5.200279948768031
0.61992 2.6902 -5.4244864743349845
0.64655 2.6349 -5.640385940580178
0.67262 2.5775 -5.848017167827168
0.6981 2.518 -6.047280586407446
0.72298 2.4566 -6.238236794921324
0.74723 2.3933 -6.420841819895401
0.77085 2.3282 -6.59528306921321
0.79381 2.2615 -6.761541655928828
0.81609 2.1931 -6.919723074411321
0.83768 2.1231 -7.069997515489344
0.85856 2.0517 -7.212472221840863
0.87872 1.9789 -7.347352403825344
0.89814 1.9047 -7.474789735395707
0.91682 1.8293 -7.595046706183006
0.93473 1.7527 -7.7082294345493665
0.95187 1.675 -7.814617927304534
0.96823 1.5963 -7.914431647178835
0.98379 1.5165 -8.007854658991992
0.99854 1.4358 -8.095096219443226
1.0125 1.3543 -8.176526717144963
1.0256 1.272 -8.252049850401773
1.0379 1.189 -8.322224786062007
1.0494 1.1053 -8.387290363100782
1.06 1.021 -8.446983726980866
1.0698 0.93619 -8.50200472647796
1.0787 0.85086 -8.552088482312671
1.0868 0.76509 -8.597886757898367
1.094 0.67893 -8.639110628183978
1.1004 0.59241 -8.67636852664408
1.1059 0.50554 -8.70935289227603
1.1106 0.41836 -8.738624149213598
1.1144 0.33091 -8.76384489297592
1.1173 0.2432 -8.785104037339611
1.1193 0.15529 -8.8024643908513
1.1204 0.067193 -8.815972202794873
1.1207 -0.021043 -8.82607525352605
1.1201 -0.10938 -8.832349258021468
1.1186 -0.19779 -8.834777127556269
1.1162 -0.28622 -8.833317870647848
1.1129 -0.37464 -8.82791147143575
1.1087 -0.46299 -8.818473716257044
1.1036 -0.55124 -8.80490237002871
1.0977 -0.63934 -8.787518980063545
1.0908 -0.72724 -8.765290866032661
1.0831 -0.8149 -8.738953909763993
1.0745 -0.90226 -8.707877308858464
1.065 -0.98927 -8.671858495856817
1.0547 -1.0759 -8.63116175832594
1.0435 -1.162 -8.585072980596744
1.0314 -1.2477 -8.533355172795805
1.0184 -1.3328 -8.475721551648771
1.0047 -1.4172 -8.412930802209422
0.99004 -1.501 -8.34336967015595
0.97458 -1.584 -8.26756802096623
0.9583 -1.6663 -8.185140930415061
0.94121 -1.7476 -8.095817295170573
0.92331 -1.828 -7.999304722967009
0.90462 -1.9075 -7.895415701048918
0.88514 -1.9858 -7.78381567274121
0.86489 -2.063 -7.664334304418751
0.84387 -2.139 -7.536662060744338
0.82211 -2.2139 -7.400710140827879
0.7996 -2.2874 -7.256098038180344
0.77636 -2.3594 -7.102672997449557
0.75242 -2.4299 -6.940383003963766
0.72778 -2.4988 -6.7689743177204695
0.70247 -2.5658 -6.588407827591796
0.67649 -2.631 -6.398486784675796
0.64988 -2.6942 -6.1993105389663885
0.62265 -2.7552 -5.99078097849327
0.59482 -2.8141 -5.7729348511572605
0.56642 -2.8708 -5.545902997823076
0.53746 -2.925 -5.309666403370924
0.50797 -2.9768 -5.064444794670422
0.47797 -3.026 -4.810380731001001
0.44749 -3.0727 -4.547769632131283
0.41656 -3.1166 -4.276906802518602
0.3852 -3.1578 -3.998075991431851
0.35343 -3.1961 -3.7115647581613658
0.32129 -3.2315 -3.4178999598613977
0.2888 -3.264 -3.1174608430772484
0.256 -3.2935 -2.810836867331737
0.22292 -3.3199 -2.4985574304299663
0.18958 -3.3432 -2.181095078214724
0.15602 -3.3633 -1.8591303475787955
0.12227 -3.3802 -1.5332826107394135
0.088367 -3.3939 -1.2042599848343005
0.054345 -3.4043 -0.8727488864499415
0.020239 -3.4114 -0.5394686595505002
-0.013915 -3.4152 -0.2051574006846938
-0.048079 -3.4155 0.12944269403255276
-0.082226 -3.4126 0.4636470724847299
-0.11633 -3.4063 0.7968344554800011
-0.15036 -3.3968 1.128301987629691
-0.18428 -3.384 1.4573399637359863
-0.21805 -3.3679 1.7832068516472601
-0.25164 -3.3486 2.1052678936095446
-0.28502 -3.3261 2.422921115826721
-0.31816 -3.3005 2.7355804721558132
-0.35102 -3.2718 3.0426067329936703
-0.38357 -3.24 3.3434876282109443
-0.41579 -3.2052 3.63782491460444
-0.44764 -3.1675 3.9250748423822133
-0.4791 -3.1269 4.204920793342341
-0.51014 -3.0835 4.47698437802853
-0.54073 -3.0373 4.74093742304502
-0.57084 -2.9884 4.996482739860084
-0.60046 -2.937 5.243516266648254
-0.62955 -2.8831 5.481744642063974
-0.65809 -2.8267 5.711077123857821
-0.68606 -2.768 5.931436693145767
-0.71344 -2.7071 6.142789004842437
-0.7402 -2.644 6.345068800160853
-0.76632 -2.579 6.538288472673351
-0.79179 -2.5121 6.722587765018972
-0.81659 -2.4433 6.898059048242166
-0.84069 -2.3729 7.064724221814204
-0.86407 -2.301 7.222718652896089
-0.88673 -2.2277 7.372322309104369
-0.90864 -2.1531 7.5136394928310795
-0.92979 -2.0773 7.64691490511246
-0.95018 -2.0002 7.772477906762291
-0.9698 -1.9219 7.890581841965524
-0.98862 -1.8425 8.001376309540513
-1.0067 -1.762 8.105506544992915
-1.0239 -1.6805 8.202548104374639
-1.0403 -1.598 8.293249334198396
-1.0558 -1.5146 8.37742640844241
-1.0706 -1.4304 8.456346524807538
-1.0845 -1.3455 8.52933450606557
-1.0975 -1.2598 8.5967117419921
-1.1097 -1.1734 8.659199419821737
-1.121 -1.0865 8.716599610099847
-1.1314 -0.99899 8.769185540591815
-1.141 -0.91097 8.817599235088618
-1.1496 -0.82248 8.861236628220622
-1.1574 -0.73358 8.901106938048999
-1.1643 -0.64431 8.936984518723268
-1.1703 -0.5547 8.96903249769778
-1.1754 -0.4648 8.997391024395572
-1.1796 -0.37464 9.022180971435796
-1.1829 -0.28427 9.043499687870371
-1.1852 -0.19371 9.061057256843188
-1.1867 -0.10301 9.075645881936769
-1.1873 -0.012186 9.08693000852254
-1.1869 0.078725 9.094553654275723
-1.1857 0.1697 9.099240069261814
-1.1835 0.26069 9.100218116979313
-1.1805 0.35168 9.098172320517884
-1.1766 0.44264 9.092658157572222
-1.1717 0.53353 9.083195742997832
-1.166 0.62431 9.070420765822458
-1.1594 0.71495 9.05381573243066
-1.1518 0.80542 9.032819838082812
-1.1433 0.89566 9.00763075813411
-1.134 0.98564 8.978457569962114
-1.1237 1.0753 8.944251763217471
-1.1125 1.1646 8.905173884718549
-1.1005 1.2535 8.86140365777545
-1.0875 1.3419 8.811775728984426
-1.0737 1.4298 8.756895363294356
-1.0589 1.5171 8.695518514806068
-1.0433 1.6037 8.628256541679772
-1.0268 1.6897 8.55431238682632
-1.0095 1.7748 8.473824922461414
-0.99129 1.8591 8.385894308548599
-0.97225 1.9425 8.290574372549084
-0.95238 2.0249 8.187506533714012
-0.93168 2.1062 8.076327068506584
-0.91018 2.1863 7.956849171116153
-0.88789 2.2652 7.8287912014954815
-0.86481 2.3428 7.6918056810691064
-0.84097 2.419 7.545744043232065
-0.81637 2.4937 7.390282639692568
-0.79104 2.5667 7.225301895098178
-0.76498 2.6381 7.0505311936219135
-0.73823 2.7077 6.865971713891936
-0.7108 2.7755 6.671464468334035
-0.6827 2.8412 6.4668437234190765
-0.65396 2.9049 6.252164613155869
-0.6246 2.9663 6.027403840756587
-0.59463 3.0254 5.792522551704543
-0.56409 3.0822 5.547760784259316
-0.53299 3.1364 5.293126533292423
-0.50136 3.1882 5.028882350048285
-0.46922 3.2373 4.755199099284551
-0.4366 3.2836 4.472396363418377
-0.40354 3.327 4.180929223744762
-0.37006 3.3675 3.881129435356619
-0.3362 3.4049 3.5735318075450424
-0.30198 3.4391 3.2585396854743256
-0.26744 3.4702 2.936800456266592
-0.23261 3.498 2.608876531697497
-0.19752 3.5224 2.275373940813747
-0.16221 3.5434 1.9370359631020664
-0.1267 3.561 1.5944406268308429
-0.091031 3.5752 1.248392219448387
-0.055237 3.5858 0.8996273680666014
-0.01935 3.5929 0.5489081665984243
0.016594 3.5966 0.19704626314884355
0.052563 3.5966 -0.15522023245220512
0.088519 3.5932 -0.5070337626815762
0.12443 3.5863 -0.8576397728227934
0.16026 3.5758 -1.2062538271367484
0.19596 3.562 -1.5519408626705742
0.23151 3.5446 -1.8941254934066185
0.26687 3.524 -2.2319926149643914
0.302 3.4999 -2.564826815790809
0.33687 3.4726 -2.8919794846160007
0.37145 3.4421 -3.2128658747433088
0.40571 3.4084 -3.526937992314073
0.43962 3.3716 -3.833677161156329
0.47314 3.3319 -4.132509011153302
0.50625 3.2891 -4.4231200955444
0.53892 3.2435 -4.705101792809719
0.57112 3.1952 -4.978111463883938
0.60282 3.1442 -5.241863181820822
0.63399 3.0905 -5.496118077398446
0.66462 3.0344 -5.740808586091603
0.69467 2.9758 -5.975713080062656
0.72412 2.9149 -6.200779763611862
0.75295 2.8517 -6.416013876157651
0.78114 2.7864 -6.621436153979397
0.80866 2.719 -6.817053445519291
0.8355 2.6497 -7.003023677349323
0.86164 2.5785 -7.179483099026323
0.88706 2.5056 -7.346575620784611
0.91175 2.431 -7.504550535705266
0.93568 2.3549 -7.653536348157348
0.95884 2.2773 -7.793822194320431
0.98122 2.1984 -7.925687933788932
1.0028 2.1183 -8.049379201089678
1.0236 2.0371 -8.16535881377156
1.0435 1.9548 -8.273392980596745
1.0627 1.8716 -8.374828105158947
1.081 1.7874 -8.46906120307866
1.0984 1.7023 -8.556478565149993
1.115 1.6164 -8.637885720339458
1.1308 1.5297 -8.713611632213391
1.1456 1.4422 -8.78316610463783
1.1596 1.354 -8.847704336276161
1.1727 1.2653 -8.907116368725863
1.1849 1.1759 -8.961732079711153
1.1963 1.086 -9.012181458237905
1.2067 0.99554 -9.058016263148803
1.2162 0.90467 -9.09984290829893
1.2248 0.81339 -9.137893705402302
1.2325 0.72173 -9.172377211010637
1.2392 0.62975 -9.203158826028636
1.2451 0.53747 -9.231048903566714
1.25 0.44494 -9.255555269684745
1.254 0.35218 -9.27711747303401
1.257 0.25923 -9.295529356814678
1.2591 0.16613 -9.311171263972986
1.2603 0.072906 -9.324093429412363
1.2606 -0.020417 -9.334323571413115
1.2599 -0.11381 -9.341566600364917
1.2583 -0.20725 -9.34610195779944
1.2557 -0.3007 -9.347582002577655
1.2522 -0.39415 -9.346240108223832
1.2478 -0.48757 -9.34198541892535
1.2425 -0.58094 -9.334705730665267
1.2362 -0.67425 -9.323945890270451
1.229 -0.76744 -9.309854111555994
1.2209 -0.86048 -9.292248919715098
1.2119 -0.95334 -9.270927482412526
1.2019 -1.046 -9.245313652973238
1.191 -1.1383 -9.215483596175384
1.1792 -1.2304 -9.181189571729817
1.1665 -1.322 -9.142118414366127
1.1528 -1.4133 -9.097590430568065
1.1383 -1.5041 -9.048048273694887
1.1228 -1.5943 -8.992334865798227
1.1064 -1.6839 -8.930492614851236
1.0891 -1.7729 -8.86215112219783
1.0709 -1.8612 -8.786916155411662
1.0519 -1.9486 -8.704857034313985
1.0319 -2.0352 -8.614620850416864
1.0111 -2.1208 -8.516760513811217
0.9895 -2.2054 -8.410904985948473
0.967 -2.2888 -8.29610383199772
0.94367 -2.3711 -8.172338355615919
0.91953 -2.4521 -8.039314607650487
0.89458 -2.5317 -7.89664368571535
0.86885 -2.6099 -7.744141436222317
0.84234 -2.6865 -7.581438840174693
0.81508 -2.7614 -7.408388564274017
0.78708 -2.8346 -7.224751182677873
0.75836 -2.9059 -7.03036152361964
0.72894 -2.9752 -6.825097881250496
0.69885 -3.0424 -6.60894939068741
0.66809 -3.1074 -6.381720007387263
0.6367 -3.1701 -6.143553728705107
0.6047 -3.2304 -5.894489940382381
0.5721 -3.2881 -5.634518726022239
0.53894 -3.3431 -5.363930011439608
0.50524 -3.3954 -5.082911188969089
0.47103 -3.4449 -4.791772731136267
0.43633 -3.4915 -4.490788421419235
0.40119 -3.535 -4.180538463270962
0.36562 -3.5754 -3.861318149147552
0.32968 -3.6125 -3.5339047269392094
0.29338 -3.6463 -3.1986866082586696
0.25677 -3.6767 -2.8564562111083585
0.21988 -3.7036 -2.507862635396579
0.18274 -3.7269 -2.1535913713558954
0.14538 -3.7467 -1.7943806288308817
0.10785 -3.7628 -1.4311622228499317
0.070176 -3.7752 -1.064680469248082
0.032394 -3.784 -0.695805680471139
-0.0054597 -3.789 -0.32539520581563197
-0.043349 -3.7902 0.045667163359176255
-0.081237 -3.7878 0.4164672269944386
-0.11909 -3.7817 0.7861552794838534
-0.15686 -3.7718 1.1537518197950336
-0.19453 -3.7583 1.5185631274973221
-0.23204 -3.7412 1.8795206068329278
-0.26937 -3.7205 2.2359672396880477
-0.30648 -3.6963 2.5870744851662066
-0.34332 -3.6687 2.931958900887176
-0.37986 -3.6376 3.2699864367481792
-0.41606 -3.6033 3.6004353245178393
-0.45191 -3.5656 3.922949017597352
-0.48737 -3.5249 4.236886532371397
-0.5224 -3.481 4.541722414441702
-0.55698 -3.4341 4.837115676803416
-0.59108 -3.3844 5.122689519179966
-0.62466 -3.3318 5.398070814331902
-0.65771 -3.2766 5.663140404476906
-0.69019 -3.2187 5.917630333249509
-0.72207 -3.1583 6.161377061007973
-0.75334 -3.0956 6.394412183752727
-0.78397 -3.0305 6.616692724539385
-0.81394 -2.9632 6.828262060143815
-0.84323 -2.8938 7.029212340241917
-0.87181 -2.8224 7.219609240214592
-0.89966 -2.7491 7.399622066267275
-0.92678 -2.674 7.569569477722183
-0.95314 -2.5972 7.729612171821008
-0.97872 -2.5189 7.879990274537811
-1.0035 -2.4391 8.020987473127466
-1.0275 -2.3579 8.153100790717284
-1.0507 -2.2754 8.276618865248068
-1.073 -2.1918 8.391461888538625
-1.0945 -2.1072 8.498531322041954
-1.1151 -2.0216 8.597797050275153
-1.1349 -1.9352 8.690101174925664
-1.1538 -1.8479 8.77544406679363
-1.1719 -1.7598 8.854624190652643
-1.189 -1.6709 8.927279063893165
-1.2053 -1.5813 8.994545529641927
-1.2207 -1.4911 9.056418846776605
-1.2351 -1.4003 9.112945269120406
-1.2487 -1.3089 9.165134205378816
-1.2613 -1.217 9.212673569643382
-1.273 -1.1246 9.256196909411866
-1.2838 -1.0317 9.295994894255836
-1.2937 -0.93852 9.332315555518562
-1.3026 -0.84494 9.365160162679281
-1.3106 -0.75104 9.395022979554913
-1.3176 -0.65685 9.421858559137876
-1.3237 -0.5624 9.446101820200075
-1.3289 -0.46773 9.467904574350507
-1.3331 -0.37287 9.487166264156295
-1.3364 -0.27784 9.504232306891128
-1.3387 -0.18266 9.51896013723916
-1.34 -0.087372 9.53141130861413
-1.3404 0.0080133 9.541845786384956
-1.3398 0.10347 9.550046962310846
-1.3383 0.19899 9.55622270316041
-1.3358 0.29454 9.560102926740024
-1.3324 0.39012 9.56184764533974
-1.328 0.4857 9.56113094159316
-1.3227 0.58128 9.558068092180088
-1.3164 0.67683 9.552273852919575
-1.3091 0.77232 9.543566454037064
-1.301 0.86771 9.532257983737383
-1.2919 0.96298 9.517624620602135
-1.2818 1.0581 9.499407874945488
-1.2708 1.153 9.477608231329826
-1.2588 1.2477 9.45165222365902
-1.2459 1.3421 9.421511485855204
-1.232 1.4362 9.386542841240544
-1.2172 1.5299 9.34669798855204
-1.2015 1.6231 9.301609423743132
-1.1848 1.7159 9.250543172409117
-1.1672 1.8081 9.193424738053714
-1.1486 1.8998 9.129453402511512
-1.1292 1.9907 9.05896160713865
-1.1088 2.0809 8.980701581433431
-1.0875 2.1702 8.894605728984425
-1.0653 2.2586 8.800215552436036
-1.0423 2.3461 8.697559267152629
-1.0184 2.4324 8.585681551648772
-0.99358 2.5176 8.464012281557636
-0.96795 2.6016 8.332666144843456
-0.94149 2.6841 8.191082680513917
-0.91421 2.7653 8.038919929502043
-0.88613 2.8448 7.875855078083275
-0.85727 2.9227 7.7016441502380495
-0.82765 2.9988 7.516045093830469
-0.79728 3.073 7.318792293978998
-0.76618 3.1452 7.109719924553631
-0.73437 3.2153 6.8887027583183595
-0.70188 3.2832 6.655733622167714
-0.66872 3.3486 6.4106854312921575
-0.63492 3.4115 6.153658445875558
-0.60051 3.4718 5.884800546864676
-0.56551 3.5293 5.604225568169432
-0.52993 3.5839 5.312024846019756
-0.49382 3.6357 5.0087009856297
-0.45721 3.6843 4.694604679561975
-0.42012 3.7298 4.370106203803441
-0.3826 3.772 4.035870662139413
-0.34468 3.8109 3.692466054765785
-0.30639 3.8462 3.340483573092464
-0.26777 3.8779 2.980689348339866
-0.22886 3.906 2.613900480266146
-0.18969 3.9303 2.240863753019438
-0.1503 3.9508 1.8624806192645837
-0.11072 3.9675 1.4795904229711052
-0.070999 3.9804 1.0932457840512244
-0.031166 3.9893 0.704307357897304
0.0087381 3.9943 0.31379770974327825
0.048677 3.9953 -0.07731623735219612
0.088612 3.9925 -0.46801159057564806
0.1285 3.9857 -0.8572672140852322
0.16832 3.9751 -1.2442480211364517
0.20801 3.9606 -1.627769427124983
0.24754 3.9422 -2.0069729473648223
0.28687 3.9202 -2.380904954312522
0.32597 3.8944 -2.748792995646942
0.36478 3.865 -3.109589030406813
0.40328 3.8321 -3.462675757508217
0.44142 3.7958 -3.807213069126364
0.47919 3.756 -4.142793470810267
0.51653 3.713 -4.468585034965314
0.55343 3.6667 -4.784291414765292
0.58986 3.6174 -5.089457920504368
0.62577 3.565 -5.383571102081241
0.66115 3.5099 -5.666454386676168
0.69596 3.4519 -5.937810263643849
0.73017 3.3913 -6.197433789149158
0.76377 3.3281 -6.445351911255817
0.79672 3.2625 -6.681406974281106
0.82901 3.1945 -6.905726249415241
0.8606 3.1243 -7.1182621116221
0.89148 3.052 -7.319223774185148
0.92163 2.9777 -7.508792885469276
0.95103 2.9015 -7.6871892265358115
0.97966 2.8236 -7.85465776130432
1.0075 2.744 -8.01149556894467
1.0345 2.6628 -8.157868463138563
1.0608 2.5802 -8.294893747987178
1.0861 2.4962 -8.421581536358559
1.1107 2.4111 -8.539785346847744
1.1344 2.3249 -8.649061171448155
1.1572 2.2377 -8.749907383709479
1.1791 2.1496 -8.842815495340236
1.2002 2.0608 -8.928613080993198
1.2203 1.9712 -9.007063596263064
1.2396 1.8808 -9.07932925170979
1.2579 1.7897 -9.145201066525876
1.2754 1.698 -9.20573102402544
1.2919 1.6057 -9.260756620602134
1.3075 1.5128 -9.310985617189557
1.3222 1.4195 -9.356785665542377
1.3359 1.3257 -9.398307061711401
1.3487 1.2315 -9.436140682329597
1.3605 1.1369 -9.470407175402135
1.3714 1.0419 -9.501636039949116
1.3814 0.94669 -9.530088039284822
1.3904 0.85116 -9.555856080782764
1.3984 0.75539 -9.579190908744563
1.4055 0.65939 -9.600483468783427
1.4116 0.5632 -9.61975904228877
1.4168 0.46684 -9.637342606702125
1.421 0.37032 -9.653222640913386
1.4242 0.27367 -9.667518083131437
1.4264 0.17691 -9.680319927411912
1.4277 0.08004 -9.69183195520834
1.428 -0.016916 -9.701946387620499
1.4273 -0.11395 -9.71067115402163
1.4257 -0.21106 -9.718127431332556
1.4231 -0.30823 -9.72412756382743
1.4195 -0.40546 -9.728595960076575
1.415 -0.50275 -9.73158014900354
1.4095 -0.60005 -9.732800269644205
1.403 -0.69734 -9.73209492209213
1.3956 -0.79461 -9.72944591078085
1.3872 -0.89183 -9.724479133664532
1.3779 -0.989 -9.71714057534444
1.3676 -1.0861 -9.706990291860121
1.3563 -1.183 -9.693720531091294
1.344 -1.2799 -9.67702927368164
1.3307 -1.3765 -9.656537717492032
1.3165 -1.473 -9.632137433482306
1.3013 -1.5691 -9.603180171981057
1.2852 -1.665 -9.569539439086997
1.268 -1.7605 -9.530212563521522
1.2499 -1.8556 -9.485300207269868
1.2309 -1.9501 -9.434344494548094
1.2109 -2.0442 -9.376566732461939
1.19 -2.1376 -9.311775879041834
1.1681 -2.2304 -9.239114950670768
1.1453 -2.3223 -9.158402953996426
1.1215 -2.4135 -9.068728939282805
1.0969 -2.5036 -8.970369934474745
1.0714 -2.5928 -8.862423819530033
1.045 -2.6808 -8.744340471938203
1.0177 -2.7676 -8.615599869480972
0.98953 -2.8531 -8.475836419957446
0.96055 -2.9371 -8.324877427672192
0.93074 -3.0196 -8.162168761366287
0.90012 -3.1005 -7.987384672398724
0.86871 -3.1795 -7.800215455494592
0.83652 -3.2566 -7.600355281654047
0.80358 -3.3317 -7.387657846621022
0.76991 -3.4047 -7.161962113708746
0.73552 -3.4753 -6.923063606099289
0.70045 -3.5435 -6.671055649636471
0.6647 -3.609 -6.405765693298599
0.62831 -3.6719 -6.127417837597774
0.5913 -3.7318 -5.836099598590261
0.5537 -3.7887 -5.5320822498162725
0.51553 -3.8425 -5.21561114281198
0.47684 -3.8932 -4.88726491267506
0.43765 -3.9405 -4.547408819997928
0.39801 -3.9844 -4.196769678513463
0.35795 -4.0248 -3.8359580779610014
0.31752 -4.0615 -3.465822620010387
0.27674 -4.0944 -3.0870072198957703
0.23565 -4.1234 -2.7003956918965746
0.19431 -4.1485 -2.3071277467806426
0.15273 -4.1697 -1.9079117894419173
0.11097 -4.1867 -1.503945387266864
0.069054 -4.1997 -1.0961615027685057
0.027031 -4.2085 -0.6857215414162605
-0.015062 -4.2133 -0.2737279810746157
-0.057185 -4.2138 0.13872761324902322
-0.099299 -4.2102 0.5505117636987459
-0.14136 -4.2025 0.9604688535580255
-0.18333 -4.1907 1.367516787633367
-0.22518 -4.1749 1.7706718502663237
-0.26684 -4.155 2.1686090210946922
-0.3083 -4.1312 2.5605844475792034
-0.3495 -4.1036 2.9454351669124543
-0.3904 -4.0721 3.322261813557226
-0.43096 -4.037 3.690183529743989
-0.47114 -3.9983 4.0484133114754535
-0.51091 -3.956 4.39631817302568
-0.55024 -3.9104 4.733299833653851
-0.5891 -3.8614 5.058866920548267
-0.62746 -3.8093 5.372556604195663
-0.66527 -3.7541 5.673851462103709
-0.70252 -3.696 5.9626018115095265
-0.73917 -3.635 6.238512555255898
-0.77521 -3.5714 6.50154766567235
-0.81059 -3.5051 6.7514897531260765
-0.8453 -3.4365 6.988417939400981
-0.87931 -3.3654 7.212390799465751
-0.9126 -3.2922 7.423528721532268
-0.94514 -3.2169 7.621983512507797
-0.97693 -3.1396 7.808117322796203
-1.0079 -3.0604 7.981948092473142
-1.0381 -2.9795 8.144170356402459
-1.0675 -2.897 8.295075046282395
-1.0961 -2.813 8.435129308079883
-1.1238 -2.7276 8.564385421151153
-1.1506 -2.641 8.68338691044585
-1.1766 -2.5533 8.793064157572221
-1.2017 -2.4646 8.893546721158318
-1.2259 -2.375 8.985382992928828
-1.2492 -2.2846 9.069114166611653
-1.2716 -2.1935 9.145272086052719
-1.2931 -2.1018 9.21437730319331
-1.3136 -2.0093 9.276718098760249
-1.3332 -1.9163 9.333053971599004
-1.3519 -1.8228 9.38386954919611
-1.3697 -1.7288 9.429632187396033
-1.3865 -1.6343 9.47061136602734
-1.4024 -1.5394 9.507437163930375
-1.4173 -1.4441 9.540366999234406
-1.4313 -1.3485 9.56995431640455
-1.4443 -1.2527 9.596428023448363
-1.4563 -1.1565 9.620184040758005
-1.4674 -1.0601 9.641651731166707
-1.4775 -0.9635 9.661030325148534
-1.4867 -0.86671 9.678695676662207
-1.4949 -0.76975 9.694813309243525
-1.5021 -0.67265 9.709620084398818
-1.5084 -0.57542 9.723387010802993
-1.5136 -0.47807 9.73616741256912
-1.5179 -0.38061 9.74823189170924
-1.5212 -0.28306 9.759643471862296
-1.5236 -0.18541 9.770546308899426
-1.5249 -0.087677 9.780912394955774
-1.5253 0.010144 9.790873562220417
-1.5247 0.10805 9.800394973940852
-1.5231 0.20606 9.809460909118073
-1.5206 0.30416 9.818072203189569
-1.517 0.40237 9.826059600258503
-1.5126 0.50061 9.833470302241334
-1.5071 0.59885 9.840011332655656
-1.5007 0.69712 9.84564573089818
-1.4933 0.79541 9.850127889633566
-1.4849 0.89373 9.853242146301156
-1.4756 0.99207 9.854835055549435
-1.4652 1.0904 9.854452888734407
-1.4539 1.1888 9.85199893052563
-1.4415 1.2871 9.846908109251778
-1.4282 1.3854 9.839073524218193
-1.4139 1.4836 9.827986593721052
-1.3986 1.5817 9.813235941190428
-1.3823 1.6796 9.794373647603752
-1.365 1.7774 9.77094596761103
-1.3467 1.8749 9.742444177768874
-1.3274 1.9721 9.708355572330039
-1.3071 2.069 9.668144622663993
-1.2859 2.1654 9.621509800742942
-1.2637 2.2613 9.567640376284306
-1.2405 2.3567 9.505943537747545
-1.2164 2.4515 9.436140259683155
-1.1913 2.5455 9.357293136658422
-1.1653 2.6386 9.269145874613805
-1.1384 2.7309 9.17113898501121
-1.1106 2.8222 9.062680149213598
-1.0818 2.9123 8.942716733368465
-1.0522 3.0012 8.811574662159371
-1.0217 3.0888 8.668245820953032
-0.99035 3.1749 8.512426094643883
-0.95816 3.2594 8.34366207287087
-0.92515 3.3422 8.161588088147925
-0.89133 3.4232 7.965820144344775
-0.85672 3.5022 7.756065253487151
-0.82135 3.579 7.532148385840358
-0.78523 3.6535 7.2938310447610775
-0.74838 3.7256 7.040994795254784
-0.71083 3.7952 6.773657270465649
-0.6726 3.8619 6.491803856975156
-0.63371 3.9257 6.195527090300772
-0.59419 3.9864 5.885050150048864
-0.55406 4.0439 5.560602778814959
-0.51335 4.0978 5.222542323083232
-0.47211 4.1484 4.871551552256481
-0.43037 4.1954 4.508169493898285
-0.38818 4.2388 4.133223628577415
-0.34558 4.2784 3.7475159521312067
-0.3026 4.3141 3.351840182792956
-0.2593 4.3458 2.9473393565841413
-0.2157 4.3733 2.534836342617437
-0.17186 4.3967 2.1156193816439117
-0.12781 4.4158 1.6907106668044791
-0.083599 4.4306 1.2613762484635327
-0.039261 4.4411 0.8287689616640441
0.0051597 4.4472 0.3941551643611208
0.04962 4.4489 -0.04118647760918842
0.094079 4.4462 -0.4759947579265904
0.13849 4.4392 -0.9089477537262721
0.18282 4.4278 -1.3388923116322173
0.22702 4.4121 -1.7645248991332187
0.27105 4.3922 -2.1846638393020927
0.31487 4.3681 -2.598180077791281
0.35843 4.3399 -3.0038935287115747
0.4017 4.3076 -3.4008791088419317
0.44462 4.2715 -3.7879756003370932
0.48716 4.2316 -4.164398049167473
0.52927 4.1881 -4.529242902519604
0.57091 4.141 -4.88179995979374
0.61207 4.0905 -5.221666448873664
0.6527 4.0366 -5.54820951007912
0.69278 3.9796 -5.861092080030369
0.73227 3.9195 -6.159932720629849
0.77115 3.8565 -6.44456167888137
0.80938 3.7908 -6.714743552378876
0.84694 3.7224 -6.970481956732596
0.88381 3.6515 -7.211826083341194
0.91996 3.5783 -7.43882838861753
0.95537 3.5028 -7.651688518084507
0.99001 3.4253 -7.850578361481784
1.0239 3.3458 -8.036018104374637
1.0569 3.2644 -8.207750738607368
1.0892 3.1813 -8.367185096253579
1.1206 3.0967 -8.513874558183016
1.1511 3.0106 -8.648424696500944
1.1808 2.9232 -8.771802472338782
1.2096 2.8346 -8.884192245684371
1.2375 2.7449 -8.986206729305906
1.2645 2.6542 -9.078457356724835
1.2906 2.5627 -9.161541404954074
1.3157 2.4705 -9.235812133433207
1.34 2.3777 -9.302378508614131
1.3633 2.2843 -9.361357690253634
1.3857 2.1905 -9.413551565481924
1.4071 2.0962 -9.459370154399604
1.4276 2.0014 -9.499556150405706
1.4471 1.9063 -9.534491719582238
1.4657 1.8109 -9.564838131480638
1.4833 1.7151 -9.59100145033237
1.5 1.6191 -9.613540868719733
1.5157 1.5229 -9.63283929676092
1.5304 1.4264 -9.64936495755261
1.5442 1.3298 -9.663554117775753
1.557 1.2331 -9.675757355491477
1.5689 1.1362 -9.686362379334248
1.5798 1.0392 -9.695682778640641
1.5897 0.94208 -9.704041042725652
1.5986 0.84492 -9.71172032721854
1.6066 0.74768 -9.718951346202035
1.6136 0.65039 -9.725984813850237
1.6196 0.55305 -9.733026503536749
1.6247 0.45565 -9.740200977712623
1.6287 0.3582 -9.747755696452082
1.6318 0.26069 -9.75570155847074
1.634 0.16312 -9.764120464075502
1.6351 0.065479 -9.773197764986396
1.6352 -0.032247 -9.782907341908288
1.6344 -0.13007 -9.793191088169198
1.6326 -0.22801 -9.80409045614428
1.6299 -0.32609 -9.815497085698393
1.6261 -0.42424 -9.827441187600819
1.6214 -0.52237 -9.83969209181978
1.6158 -0.62052 -9.852129554906014
1.6092 -0.71873 -9.864647161779713
1.6016 -0.81702 -9.877052922843815
1.593 -0.9154 -9.889124384036013
1.5834 -1.0139 -9.900611632670408
1.5728 -1.1125 -9.911230327945649
1.5613 -1.2112 -9.920678120230031
1.5487 -1.3101 -9.928617683815922
1.5351 -1.409 -9.934656947006276
1.5205 -1.508 -9.93840698250662
1.5049 -1.6071 -9.939440301498097
1.4883 -1.7063 -9.93730125311929
1.4707 -1.8054 -9.931486531481688
1.4521 -1.9045 -9.921495805812048
1.4324 -2.0035 -9.906647342807586
1.4118 -2.1024 -9.8866295572695
1.3902 -2.201 -9.860720225779042
1.3676 -2.2995 -9.828330291860121
1.3439 -2.3976 -9.788578866027807
1.3193 -2.4953 -9.74123317181484
1.2938 -2.5925 -9.685685601005886
1.2672 -2.6891 -9.620731757069544
1.2398 -2.7851 -9.546556408518564
1.2113 -2.8804 -9.461566533292913
1.1819 -2.9747 -9.365685382209966
1.1517 -3.0681 -9.25868908639326
1.1204 -3.1604 -9.138731502794872
1.0883 -3.2515 -9.006376203583367
1.0554 -3.3413 -8.861085002106098
1.0215 -3.4296 -8.701302697212922
0.98679 -3.5162 -8.527371723302894
0.95124 -3.6011 -8.33864442956073
0.91487 -3.6841 -8.134746412550554
0.8777 -3.7651 -7.915369660767944
0.83975 -3.8438 -7.680247063761191
0.80104 -3.9201 -7.429196722444784
0.76159 -3.9938 -7.162096017900377
0.72141 -4.0648 -6.878831809923492
0.68055 -4.1328 -6.579641820095321
0.639 -4.1977 -6.264421861976847
0.59681 -4.2593 -5.933596486356368
0.554 -4.3173 -5.587442737043924
0.51059 -4.3716 -5.226342395223913
0.46661 -4.422 -4.850840469189939
0.42214 -4.4687 -4.462062576466613
0.37722 -4.5115 -4.060856047066795
0.33189 -4.5502 -3.648158592307057
0.2862 -4.5848 -3.2251066571738454
0.2402 -4.615 -2.7928895148142225
0.19391 -4.6409 -2.352521365452145
0.1474 -4.6624 -1.9055348895746536
0.10071 -4.6793 -1.4532204749417392
0.053871 -4.6916 -0.996840484654051
0.0069378 -4.6993 -0.5379198945698912
-0.040048 -4.7024 -0.07787450169245597
-0.087042 -4.7009 0.38184489460131055
-0.134 -4.6947 0.839803556952212
-0.18088 -4.6839 1.29458380714618
-0.22763 -4.6686 1.7446991015457658
-0.27422 -4.6487 2.188932395180388
-0.32059 -4.6244 2.6258002363538626
-0.36671 -4.5958 3.054172009833961
-0.41252 -4.5629 3.4727182026117505
-0.45799 -4.5259 3.880442229439458
-0.50308 -4.4849 4.276346903196223
-0.54773 -4.4401 4.659346401856462
-0.5919 -4.3915 5.028650289213899
-0.63556 -4.3395 5.383606962426015
-0.67867 -4.2839 5.723641305420824
-0.72121 -4.225 6.0483799649967995
-0.76314 -4.163 6.357401495980381
-0.80444 -4.098 6.650535399475008
-0.84507 -4.0301 6.927562201015626
-0.88502 -3.9595 7.188540997100211
-0.92424 -3.8865 7.4333487554475095
-0.96273 -3.811 7.662291387787349
-1.0004 -3.7334 7.875192976386667
-1.0374 -3.6536 8.073274383101191
-1.0735 -3.5719 8.255790515418362
-1.1088 -3.4884 8.423771581433432
-1.1433 -3.4033 8.577734758134111
-1.1769 -3.3167 8.717852905231956
-1.2096 -3.2286 8.84479224568437
-1.2415 -3.1393 8.959517270929656
-1.2724 -3.0489 9.062039947417796
-1.3025 -2.9575 9.153644422608945
-1.3316 -2.8653 9.234451224465987
-1.3598 -2.7722 9.305442804422224
-1.387 -2.6786 9.367078110363275
-1.4134 -2.5844 9.420419742074348
-1.4387 -2.4899 9.465632004431797
-1.4632 -2.395 9.50382755551502
-1.4866 -2.2998 9.535304310542655
-1.5092 -2.2043 9.560984750692036
-1.5307 -2.1086 9.581263249812595
-1.5513 -2.0127 9.596867535879104
-1.571 -1.9167 9.608329796734406
-1.5897 -1.8206 9.616189042725653
